    0.1000     6.3000
    0.2000     6.3000
    0.4000     6.3000
    0.6000     6.3000
    0.8000     6.3000
    1.0000     6.3000
    1.2000     6.3000
    1.4000     6.3000
    1.6000     6.3000
    1.8000     6.3000
    2.0000     6.3000
    2.2000     6.3000
    2.6000     6.3000
    3.0000     6.3000
    3.4000     6.3000
    3.8000     6.6200
    4.2000     6.9500
    4.6000     7.1900
    5.0000     7.2700
    5.4000     7.5200
    5.8000     7.5200
    6.2000     7.6000
    7.0000     7.9300
    7.8000     8.0100
    8.6000     8.0100
    9.4000     8.1700
   10.2000     8.4200
   11.0000     8.5000
   11.8000     8.5800
   12.6000     8.9100
   13.4000     9.0700
   14.2000     9.2300
   15.8000     9.4000
   17.4000     9.6400
   19.0000     9.8100
   20.6000    10.0500
   22.2000    10.3800
   23.8000    10.7000
   25.4000    11.0300
   27.0000    11.1100
   28.6000    11.3600
   30.2000    11.5200
   31.8000    11.5200
   33.4000    11.9300
   35.0000    12.1700
   36.6000    12.3400
   38.2000    12.6600
   39.8000    13.1500
   41.4000    13.3100
   43.0000    13.4800
   44.6000    13.8000
   46.2000    13.7200
   47.8000    14.2900
   49.4000    14.3800
   51.0000    14.6200
   52.6000    14.7800
   54.2000    15.1100
   55.8000    14.8700
   57.4000    14.9500
   59.0000    15.4400
   60.6000    15.2700
   62.2000    15.2700
   63.8000    15.1900
   65.4000    15.5200
   67.0000    15.6000
   70.2000    15.8500
   73.4000    17.7200
   76.6000    18.2100
   79.8000    17.8000
   83.0000    18.5400
   86.2000    18.6200
   89.4000    19.1100
   92.6000    19.1900
   95.8000    19.5200
   99.0000    19.8400
  102.2000    20.3300
  105.4000    20.4200
  108.6000    20.6600
  111.8000    20.8200
  115.0000    20.9900
  118.2000    21.7200
  121.4000    21.6400
  124.6000    21.6400
  126.2000    22.2100
  127.8000    21.3100
  129.4000    21.0700
  130.2000    21.3100
  131.0000    20.1700
  131.8000    20.0100
  132.6000    19.9300
  133.4000    19.8400
  134.2000    19.6800
  135.0000    19.7600
  135.8000    19.9300
  136.6000    20.0900
  137.4000    20.0100
  137.8000    20.0900
  138.2000    19.0300
  138.6000    18.7800
  139.4000    18.7000
  140.2000    19.3600
  141.0000    19.4400
  141.8000    19.4400
  142.6000    19.8400
  144.2000    19.8400
  145.8000    22.0500
  147.4000    22.0500
  150.6000    22.0500
  153.8000    24.2500
  157.0000    24.1700
  160.2000    24.2500
  163.4000    24.5000
  166.6000    24.5800
  169.8000    24.9100
  173.0000    25.2300
  176.2000    25.4800
  179.4000    25.8900
  182.6000    26.0500
  185.8000    26.2100
  189.0000    26.6200
  192.2000    26.7800
  195.4000    26.9500
  198.6000    27.4400
  201.8000    27.9300
  205.0000    28.5000
  208.2000    28.8200
  211.4000    28.6600
  214.6000    28.9900
  217.8000    29.0700
  221.0000    29.2300
  224.2000    29.5600
  227.4000    29.5600
  230.6000    29.8000
  233.8000    29.8800
  237.0000    29.8800
  240.2000    30.1300
  243.4000    30.3700
  246.6000    30.3700
  249.8000    31.1900
  253.0000    31.4400
  256.2000    32.0900
  259.4000    31.9300
  262.6000    32.0100
  265.8000    32.0900
  269.0000    32.0100
  272.2000    32.3300
  275.4000    32.5800
  278.6000    32.7400
  281.8000    33.2300
  285.0000    33.2300
  288.2000    33.3100
  291.4000    33.4800
  294.6000    34.0500
  297.8000    33.8000
  301.0000    34.2100
  304.2000    34.2100
  307.4000    34.6200
  310.6000    34.9500
  313.8000    34.9500
  317.0000    35.3500
  320.2000    35.4400
  323.4000    35.3500
  326.6000    35.4400
  329.8000    35.6800
  333.0000    35.5200
  336.2000    35.4400
  339.4000    35.6000
  342.6000    35.6800
  345.8000    35.6000
  349.0000    36.0900
  352.2000    36.4100
  355.4000    36.5000
  358.6000    36.5000
  361.8000    36.5800
  365.0000    36.6600
  368.2000    37.1500
  371.4000    36.9900
  374.6000    36.9900
  377.8000    36.9900
  381.0000    36.9900
  384.2000    36.9000
  387.4000    36.8200
  390.6000    36.6600
  393.8000    36.5800
  400.2000    36.6600
  406.6000    40.0100
  413.0000    40.5800
  419.4000    40.8200
  425.8000    41.2300
  432.2000    41.1500
  445.0000    41.3900
  451.4000    49.1500
  457.8000    48.9800
  464.2000    49.3900
  470.6000    49.3100
  477.0000    48.7400
  483.4000    48.5000
  489.8000    48.0100
  496.2000    47.7600
  502.6000    47.6000
  509.0000    47.6800
  515.4000    47.2700
  521.8000    47.3500
  528.2000    47.0300
  534.6000    46.0500
  541.0000    45.7200
  547.4000    44.9000
  553.8000    44.8200
  560.2000    43.8400
  566.6000    44.0900
  573.0000    43.6800
  579.4000    43.6800
  585.8000    43.6000
  592.2000    42.7800
  598.6000    42.6200
  605.0000    42.6200
  611.4000    42.7800
  617.8000    42.4500
  624.2000    42.3700
  630.6000    42.5400
  637.0000    42.2900
  643.4000    42.7000
  649.8000    42.5400
  656.2000    42.5400
  662.6000    42.5400
  669.0000    42.7000
  675.4000    42.5400
  681.8000    42.6200
  688.2000    42.9400
  694.6000    42.6200
  707.4000    41.8000
  720.2000    47.7600
  733.0000    48.1700
  745.8000    47.7600
  758.6000    48.2500
  771.4000    48.7400
  784.2000    48.1700
  797.0000    48.5800
  809.8000    48.5000
  822.6000    48.2500
  835.4000    48.0100
  848.2000    48.3300
  861.0000    47.7600
  873.8000    47.1100
  886.6000    46.8600
  899.4000    47.1100
  912.2000    46.8600
  925.0000    46.7000
  937.8000    46.7800
  950.6000    46.6200
  963.4000    46.1300
  969.8000    46.0500
  976.2000    42.2100
  982.6000    42.4500
  989.0000    42.2900
  995.4000    41.2300
 1001.8000    40.7400
 1008.2000    40.5800
 1014.6000    40.1700
 1021.0000    39.7600
 1027.4000    39.6800
 1033.8000    39.1900
 1040.2000    38.3700
 1046.6000    37.9700
 1053.0000    37.3900
 1059.4000    37.3100
 1065.8000    36.5000
 1072.2000    35.7600
 1078.6000    35.2700
 1085.0000    35.0300
 1091.4000    34.7800
 1097.8000    34.7800
 1104.2000    34.7000
 1110.6000    34.4600
 1123.4000    34.1300
 1136.2000    37.3100
 1142.6000    37.3900
 1155.4000    36.5800
 1168.2000    36.8200
 1181.0000    36.9000
 1206.6000    36.9000
 1232.2000    40.2500
 1257.8000    40.1700
 1283.4000    39.6800
 1334.6000    39.6800
 1385.8000    49.2300
 1437.0000    49.9600
 1488.2000    49.7200
 1539.4000    48.8200
 1590.6000    48.5000
 1641.8000    47.7600
 1667.4000    45.8800
 1718.6000    38.7000
 1818.6000    42.2900
 1918.6000    56.0900
 2018.6000    57.7200
