    0.0000    13.1500
    0.0000    13.1500
    0.0000    13.1500
    0.0000    13.1500
    0.0000    13.1500
    0.0000    13.1500
    0.0016    13.1500
    0.3035    13.1500
   15.7661    13.1500
  325.8140    13.1500
 3751.3300    13.1500
30228.4400    13.1500
122360.4000    13.1500
275294.6000    13.1500
491004.6000    13.1500
766529.7000    13.2300
821409.4000    13.4000
939888.7000    13.4000
1207542.0000    13.4000
1602110.0000    13.8000
2034218.0000    13.9700
2493370.0000    14.4600
2977616.0000    14.6200
3181576.0000    14.6200
3604296.0000    14.6200
4134950.0000    14.7800
4680650.0000    14.7800
5233031.0000    15.1900
5794013.0000    15.2700
6209081.0000    15.2700
6784581.0000    15.2700
7366487.0000    15.2700
7954370.0000    15.6800
8546760.0000    15.6800
9142383.0000    15.8500
9474285.0000    15.8500
10074320.0000    15.8500
10675630.0000    15.9300
11279100.0000    16.0100
11884240.0000    16.0100
12490890.0000    16.0100
12828440.0000    16.2500
13437370.0000    16.0900
14046900.0000    16.2500
14657960.0000    16.2500
15269440.0000    16.6600
15881220.0000    16.9100
16220880.0000    17.0700
16834710.0000    17.0700
17451410.0000    17.0700
18070620.0000    17.2300
18692690.0000    17.3100
19318210.0000    17.3100
19666430.0000    17.4000
20297310.0000    17.4000
20932320.0000    17.5600
21571860.0000    17.6400
22215970.0000    17.6400
22864830.0000    17.8900
23226760.0000    18.0500
23883250.0000    18.0500
24544860.0000    17.9700
25211670.0000    17.9700
25882740.0000    18.1300
26559330.0000    18.1300
26936940.0000    18.1300
27622220.0000    18.1300
28312920.0000    18.3800
29009250.0000    18.3800
29711310.0000    18.3800
30419140.0000    18.3800
30814000.0000    18.4600
31530500.0000    18.4600
32252950.0000    18.4600
32981410.0000    18.4600
33715900.0000    18.4600
34456470.0000    18.4600
34869530.0000    18.5400
35619260.0000    18.5400
36374720.0000    18.7000
37136550.0000    18.7000
37904780.0000    18.7000
38679400.0000    18.7000
39111720.0000    18.7000
39896320.0000    18.7000
40687350.0000    18.7800
41484830.0000    18.7800
42289410.0000    19.0300
43100780.0000    19.1900
43553530.0000    19.1900
44374840.0000    19.1900
45202530.0000    19.1900
46036730.0000    19.2700
46877260.0000    19.4400
47724290.0000    19.4400
48196860.0000    19.4400
49054040.0000    19.4400
49917760.0000    19.4400
50788020.0000    19.4400
51664820.0000    19.4400
52548150.0000    19.4400
53040910.0000    19.4400
53934410.0000    19.4400
54834430.0000    19.4400
55740980.0000    19.4400
56654030.0000    19.4400
57573600.0000    19.4400
58086470.0000    19.2700
59016140.0000    19.2700
59952290.0000    19.2700
60894910.0000    19.2700
61843990.0000    19.2700
62799520.0000    19.2700
63332540.0000    19.4400
64298450.0000    19.4400
65270730.0000    19.4400
66248440.0000    19.6000
67232430.0000    19.6000
68222850.0000    19.5200
68775080.0000    19.5200
69775500.0000    19.5200
70783220.0000    19.6000
71797270.0000    19.6000
72817530.0000    19.6000
73843960.0000    19.6800
74416110.0000    19.6800
75452120.0000    19.6800
76494260.0000    19.6800
77542510.0000    19.6800
78597030.0000    20.2500
79657750.0000    20.3300
80248940.0000    20.3300
81319270.0000    20.3300
82395790.0000    20.3300
83478520.0000    20.3300
84567550.0000    20.4200
85662780.0000    20.4200
86273170.0000    20.5800
87378150.0000    20.7400
88489300.0000    20.7400
89606080.0000    21.4800
90727880.0000    22.2900
91855410.0000    22.2900
92483680.0000    22.2900
93620690.0000    22.2900
94760390.0000    22.7000
95905300.0000    22.5400
97056670.0000    22.7000
98214360.0000    22.7000
98859230.0000    22.7800
100026100.0000    22.7800
101199200.0000    22.7800
102378500.0000    22.7800
103563800.0000    22.7800
104755200.0000    22.6200
105418900.0000    22.6200
106619500.0000    22.6200
107825900.0000    22.6200
109038100.0000    22.7800
110256100.0000    22.8700
111479700.0000    23.1100
112161300.0000    23.2700
113392800.0000    23.7600
114629700.0000    23.6000
115872200.0000    23.4400
117120200.0000    23.6000
118373500.0000    23.5200
119071500.0000    23.6800
120333300.0000    23.7600
121600300.0000    23.6000
122872400.0000    23.6000
124149600.0000    23.6800
125431800.0000    23.6800
126145700.0000    23.6000
127435900.0000    23.6000
128731100.0000    23.8400
130031400.0000    23.9300
131336700.0000    24.0100
132647200.0000    23.8400
133376800.0000    23.8400
134695100.0000    23.8400
136018400.0000    23.8400
137346700.0000    24.4200
138680000.0000    24.4200
140018200.0000    24.5000
140763100.0000    24.5000
142108800.0000    24.5800
143459200.0000    24.5000
144814400.0000    24.5000
146174300.0000    24.5000
147538800.0000    25.1500
148298300.0000    25.3100
