    0.0000    13.1500
    0.0000    13.1500
    0.0000    13.1500
    0.0000    13.1500
    0.0000    13.1500
    0.0000    13.1500
    0.0016    13.1500
    0.3035    13.1500
   15.7661    13.1500
  325.8140    13.1500
 3751.3300    13.1500
30228.4400    13.1500
122360.4000    13.1500
275294.6000    13.1500
491071.8000    13.4000
766304.2000    13.9700
820410.9000    15.1100
936163.4000    15.1100
1195908.0000    15.1900
1580449.0000    15.3600
1999214.0000    16.4200
2449678.0000    17.1500
2925332.0000    17.6400
3124889.0000    18.2100
3538636.0000    18.3800
4059191.0000    18.3800
4595231.0000    19.1100
5144330.0000    19.1900
5706949.0000    19.8400
6124012.0000    20.0900
6701627.0000    20.9100
7285096.0000    20.9100
7870594.0000    21.3100
8458262.0000    21.5600
9043683.0000    22.1300
9369834.0000    21.8900
9960406.0000    21.8900
10553550.0000    22.1300
11149980.0000    22.5400
11749150.0000    22.7000
12347700.0000    22.9500
12680990.0000    23.1100
13281600.0000    23.1100
13881270.0000    23.4400
14482410.0000    23.6800
15085620.0000    23.7600
15691380.0000    23.6800
16028530.0000    23.8400
16637990.0000    23.8400
17248510.0000    24.2500
17862310.0000    24.2500
18479790.0000    24.2500
19099780.0000    25.1500
19445310.0000    25.5600
20072090.0000    25.8000
20700410.0000    26.0500
21331490.0000    26.1300
21967060.0000    26.1300
22607980.0000    26.2900
22965600.0000    26.4600
23615040.0000    26.4600
24270450.0000    26.6200
24931990.0000    26.7000
25599490.0000    26.9500
26272800.0000    27.8400
26646260.0000    27.8400
27324840.0000    27.8400
28010380.0000    28.2500
28702620.0000    28.8200
29401000.0000    29.1500
30106260.0000    29.1500
30500460.0000    29.3100
31217400.0000    29.3900
31939810.0000    30.0500
32667900.0000    30.0500
33401810.0000    30.2100
34140610.0000    31.4400
34553060.0000    32.1700
35302270.0000    32.3300
36058460.0000    32.4200
36821850.0000    32.8200
37591280.0000    33.0700
38367500.0000    33.3900
38800860.0000    33.5600
39587610.0000    33.7200
40380320.0000    33.8000
41179220.0000    33.9700
41984590.0000    33.9700
42795730.0000    35.1900
43248150.0000    35.3500
44068680.0000    36.4100
44895950.0000    36.5800
45727860.0000    37.6400
46566210.0000    38.0500
47411200.0000    38.2100
47882760.0000    38.4600
48738100.0000    38.7000
49600180.0000    38.7800
50468920.0000    39.0300
51344200.0000    39.0300
52226070.0000    39.4300
52718010.0000    39.3500
53609940.0000    39.5200
54508310.0000    39.5200
55413060.0000    39.8400
56324050.0000    40.0100
57241490.0000    40.0100
57753100.0000    40.0900
58680330.0000    40.1700
59613940.0000    40.3300
60553930.0000    40.5800
61500110.0000    40.8200
62452570.0000    41.0700
62983670.0000    41.1500
63945970.0000    41.1500
64914550.0000    41.3100
65889060.0000    41.5600
66869890.0000    41.7200
67856620.0000    41.8800
68406710.0000    41.8800
69403230.0000    41.8800
70406230.0000    41.8800
71415730.0000    41.7200
72431870.0000    41.8800
73454460.0000    42.2100
74024650.0000    42.2900
75057280.0000    42.5400
76096240.0000    42.8600
77141210.0000    43.1900
78192480.0000    43.6000
79249690.0000    43.6000
79839040.0000    44.5800
80906150.0000    44.8200
81979150.0000    44.8200
83057990.0000    44.8200
84142700.0000    45.0700
85233360.0000    45.0700
85841070.0000    45.1500
86941350.0000    45.3900
88047500.0000    46.2100
89159520.0000    46.2900
90277420.0000    46.3700
91401100.0000    46.5400
92027160.0000    46.7000
93159900.0000    46.7000
94298440.0000    46.7800
95442810.0000    47.2700
96593010.0000    47.4300
97748990.0000    47.4300
98392920.0000    47.6800
99557740.0000    47.6800
100728300.0000    47.9200
101904600.0000    47.9200
103086800.0000    48.1700
104274900.0000    48.3300
104936700.0000    48.4100
106133500.0000    48.4100
107335800.0000    48.6600
108543600.0000    48.6600
109756400.0000    48.8200
110974500.0000    48.9000
111652800.0000    48.9800
112879000.0000    48.9800
114110400.0000    48.9800
115346900.0000    48.9800
116588400.0000    48.9800
117834900.0000    48.9800
118528900.0000    48.9800
119783100.0000    48.9800
121042000.0000    48.9800
122305800.0000    48.9800
123574400.0000    48.9800
124847800.0000    48.9800
125555300.0000    49.4700
126831400.0000    49.3100
128111400.0000    49.3100
129396000.0000    49.3100
130685300.0000    49.3900
131979300.0000    49.3900
132699600.0000    49.5600
134000800.0000    50.2900
135306500.0000    50.2900
136616800.0000    50.2900
137931500.0000    50.1300
139250600.0000    50.2100
139984800.0000    50.2100
141310600.0000    50.2100
142640700.0000    50.2900
143975100.0000    50.4500
145313700.0000    50.5400
146656500.0000    50.5400
147403700.0000    50.5400
