    0.0302    13.1500
    0.0459    13.1500
   -0.0063    13.1500
   -0.2297    13.1500
   -0.7545    13.1500
   -1.5951    13.1500
   -2.3569    13.1500
   -1.6989    13.1500
   17.1779    13.1500
  339.6237    13.1500
 3815.1000    13.1500
30451.3700    13.1500
123189.5000    13.1500
277682.9000    13.1500
495989.8000    13.8000
771625.0000    14.9500
825974.3000    15.2700
943011.4000    15.4400
1206143.0000    15.6000
1594817.0000    16.5800
2020030.0000    18.2100
2476304.0000    19.0300
2961228.0000    19.6000
3165508.0000    20.9900
3591456.0000    21.8000
4121453.0000    22.6200
4664520.0000    23.7600
5215394.0000    25.2300
5775100.0000    25.8900
6184101.0000    27.7600
6596916.0000    28.5000
7012870.0000    29.8000
7426570.0000    31.4400
7839515.0000    32.8200
8046170.0000    33.9700
8253450.0000    34.7800
8461403.0000    35.1900
8669960.0000    35.7600
8879040.0000    36.9900
9088663.0000    37.3100
9193589.0000    38.6200
9298634.0000    38.9500
9340152.0000    39.4300
9423237.0000    39.7600
9506390.0000    39.7600
9589631.0000    40.2500
9672963.0000    40.5800
9756365.0000    40.7400
9839831.0000    40.9000
9923363.0000    41.8000
10006940.0000    42.5400
10090560.0000    42.7000
10174230.0000    43.3500
10257960.0000    43.6800
10341770.0000    43.9200
10425650.0000    44.4100
10509600.0000    44.6600
10593630.0000    45.2300
10677740.0000    45.4700
10761910.0000    45.8000
10846160.0000    46.1300
10888310.0000    46.2900
10930470.0000    46.3700
10951550.0000    46.5400
10962090.0000    46.5400
10983180.0000    46.5400
11004280.0000    46.5400
11025370.0000    46.5400
11067590.0000    46.7000
11152130.0000    47.1900
11236730.0000    47.8400
11321410.0000    47.9200
11406160.0000    48.0900
11491000.0000    48.5000
11575930.0000    48.6600
11660960.0000    48.7400
11746090.0000    48.9800
11831320.0000    49.1500
11916640.0000    49.3100
12002040.0000    49.5600
12087530.0000    49.9600
12173090.0000    50.4500
12215890.0000    50.9400
12237290.0000    51.0300
12280110.0000    51.0300
12322930.0000    51.0300
12365770.0000    51.0300
12408620.0000    51.1100
12451490.0000    51.4300
12537290.0000    51.7600
12587650.0000    52.0900
12638030.0000    52.4100
12688440.0000    52.4900
12738880.0000    52.4900
12789340.0000    52.6600
12839830.0000    52.9000
12890340.0000    53.1500
12940890.0000    53.2300
12991450.0000    53.3900
13042040.0000    53.6400
13092660.0000    53.8000
13143300.0000    53.8000
13193960.0000    54.1300
13244650.0000    54.3700
13295370.0000    54.5400
13346100.0000    54.6200
13396860.0000    54.7800
13447640.0000    55.1100
13498440.0000    55.1100
13549270.0000    55.1100
13600130.0000    55.3500
13651020.0000    55.9200
13701930.0000    56.4100
13803880.0000    56.4900
13854880.0000    56.7400
13905920.0000    56.7400
13956980.0000    56.8200
14008080.0000    56.9800
14059200.0000    57.0700
14110360.0000    57.4700
14212830.0000    57.4700
14264100.0000    58.2900
14315400.0000    58.4500
14366740.0000    58.6200
14418130.0000    58.7000
14469550.0000    58.8600
14521010.0000    58.8600
14572520.0000    58.9400
14624070.0000    59.0200
14675670.0000    59.2700
14727330.0000    59.2700
14779030.0000    59.2700
14830780.0000    59.4300
14882590.0000    59.4300
14934460.0000    59.5100
14986380.0000    59.6800
15038350.0000    59.8400
15142520.0000    60.0000
15194670.0000    60.1700
15246870.0000    60.5800
15299130.0000    60.6600
15351450.0000    60.6600
15403830.0000    60.8200
15456270.0000    60.9800
15508770.0000    61.0700
15561340.0000    61.2300
15613970.0000    61.6400
15666660.0000    61.6400
15719410.0000    61.6400
15772240.0000    61.8000
15825120.0000    62.1300
15878080.0000    62.2100
15919790.0000    62.2900
15961540.0000    62.4500
16003330.0000    62.6200
16045170.0000    62.6200
16087060.0000    62.8600
16128980.0000    62.8600
16170950.0000    62.9400
16212970.0000    62.9400
16255030.0000    63.2700
16297130.0000    63.6000
16339290.0000    63.6800
16381490.0000    63.6800
16423730.0000    63.6800
16466030.0000    64.0000
16508370.0000    64.1700
16550760.0000    64.1700
16593190.0000    64.2500
16635680.0000    64.4100
16678210.0000    64.5800
16720790.0000    64.5800
16763410.0000    64.6600
16806090.0000    64.6600
16848810.0000    64.6600
16891590.0000    64.7400
16934410.0000    65.0600
16977280.0000    65.1500
17020200.0000    65.2300
17063170.0000    65.2300
17106200.0000    65.3900
17149270.0000    65.3100
17192390.0000    65.3900
17235560.0000    65.3900
17278780.0000    65.3900
17322060.0000    65.4700
17365390.0000    65.3900
17408770.0000    65.5500
17452200.0000    65.5500
17495680.0000    65.7200
17539220.0000    65.8000
17582810.0000    65.9600
17626460.0000    66.0400
17670160.0000    66.1300
17713910.0000    66.2100
17757710.0000    66.4500
17801570.0000    66.4500
17845490.0000    66.5300
17889460.0000    66.5300
17933480.0000    66.6200
17977560.0000    66.7000
18021690.0000    66.7800
18065880.0000    66.7800
18110130.0000    66.7800
18154430.0000    66.7800
18198780.0000    66.7800
18243200.0000    66.7800
18287670.0000    66.8600
18332190.0000    66.8600
18376780.0000    67.1900
18421420.0000    67.1900
18466120.0000    67.2700
18510870.0000    67.2700
18555690.0000    67.2700
18600560.0000    67.2700
18645490.0000    67.4300
18690480.0000    67.5100
18735520.0000    67.6000
18780630.0000    67.7600
18825790.0000    67.7600
18871020.0000    67.7600
18916300.0000    67.7600
18961640.0000    67.7600
19007040.0000    67.7600
19052510.0000    67.7600
19098030.0000    67.7600
19143610.0000    68.0800
19189250.0000    68.0800
19234950.0000    68.0800
19280710.0000    67.9200
19326530.0000    67.9200
19372410.0000    67.9200
19418350.0000    67.9200
19464350.0000    67.9200
19510420.0000    67.9200
19556540.0000    68.1700
19618140.0000    68.1700
19679850.0000    68.2500
19741670.0000    68.2500
19803600.0000    68.2500
19865630.0000    68.4900
19927770.0000    68.8200
19990020.0000    68.6600
20052370.0000    68.7400
20114840.0000    68.8200
20177410.0000    68.9800
20240100.0000    68.9800
20302890.0000    68.9800
20365790.0000    68.9800
20428800.0000    68.9800
20491930.0000    68.9800
20555150.0000    68.9800
20618490.0000    69.0600
20681930.0000    69.0600
20745490.0000    69.0600
20809150.0000    69.2300
20872910.0000    69.2300
20936790.0000    69.3100
21000770.0000    69.3100
21064850.0000    69.5500
21129040.0000    69.5500
21193340.0000    69.6400
21257740.0000    69.8000
21322250.0000    69.6400
21386870.0000    69.6400
21451580.0000    69.9600
21516410.0000    70.2100
21581330.0000    70.2900
21646360.0000    70.7800
21711490.0000    70.7000
21776730.0000    70.9400
21809370.0000    71.1000
21825700.0000    71.2700
21858380.0000    71.1000
21923850.0000    71.2700
21989420.0000    71.1000
22055090.0000    71.1000
22120860.0000    71.1900
22186740.0000    71.4300
22252710.0000    71.2700
22318790.0000    71.2700
22384960.0000    71.3500
22451240.0000    71.4300
22517610.0000    71.9200
22584090.0000    71.7600
22650660.0000    72.0000
22717320.0000    72.0000
22784090.0000    72.3300
22850940.0000    72.4100
22917900.0000    72.3300
22984950.0000    72.4900
23052090.0000    72.4900
23119330.0000    72.7400
23186660.0000    72.7400
23254080.0000    72.9000
23321600.0000    72.9800
23389200.0000    73.1500
23456900.0000    73.2300
23524690.0000    73.2300
23592570.0000    73.2300
23660530.0000    73.2300
23677530.0000    73.3100
23711550.0000    73.2300
23779670.0000    73.3100
23847880.0000    73.2300
23916190.0000    73.5500
23984580.0000    73.5500
24053060.0000    73.5500
24121630.0000    73.6400
24190280.0000    73.6400
24259030.0000    73.7200
24327860.0000    74.0400
24396780.0000    74.0400
24465790.0000    74.1300
24534880.0000    74.3700
24604060.0000    74.5300
24673320.0000    74.5300
24742660.0000    74.5300
24812090.0000    74.5300
24881590.0000    74.6100
24951180.0000    74.6100
25020850.0000    74.6100
25090600.0000    74.6100
25160430.0000    74.7800
25230340.0000    74.7800
25300320.0000    74.7800
25370390.0000    74.8600
25440530.0000    74.8600
25510750.0000    74.9400
25581050.0000    74.9400
25651420.0000    75.0200
25721880.0000    75.1900
25792400.0000    75.1900
25863010.0000    75.5900
25933690.0000    75.5900
26004450.0000    75.6800
26075280.0000    75.6800
26146190.0000    75.7600
26217170.0000    75.7600
26288230.0000    75.8400
26359350.0000    76.0000
26430560.0000    76.0000
26501830.0000    76.0000
26573180.0000    76.0000
26644600.0000    76.0000
26716090.0000    76.0000
26787660.0000    76.0000
26859290.0000    76.4100
26931000.0000    76.4100
27002780.0000    76.4100
27074640.0000    76.4100
27146560.0000    76.4900
27218560.0000    76.4900
27290630.0000    76.5700
27362760.0000    76.5700
27434960.0000    76.5700
27507240.0000    76.5700
27579580.0000    76.7400
27651980.0000    76.7400
27724460.0000    76.7400
27796990.0000    76.8200
27869590.0000    76.8200
27942250.0000    76.8200
28014980.0000    76.8200
28087770.0000    76.8200
28160630.0000    76.8200
28233550.0000    76.8200
28306540.0000    76.9000
28379590.0000    76.9000
28452710.0000    76.9000
28525890.0000    76.9000
28599140.0000    76.9800
28672460.0000    76.9800
28745840.0000    77.1500
28819280.0000    77.1500
28892790.0000    77.3100
28966370.0000    77.3100
29040010.0000    77.3900
29113720.0000    77.3900
29187490.0000    77.3900
29261320.0000    77.4700
29335220.0000    77.4700
29409180.0000    77.5500
29483200.0000    77.5500
29557290.0000    77.5500
29631430.0000    77.5500
29705630.0000    77.5500
29779900.0000    77.5500
29854220.0000    77.6300
29928610.0000    77.7200
30003050.0000    77.7200
30077560.0000    77.7200
30114830.0000    77.7200
30152110.0000    77.7200
30226730.0000    77.7200
30301410.0000    77.7200
30376150.0000    77.9600
30450950.0000    77.9600
30525810.0000    77.9600
30600730.0000    77.9600
30675710.0000    77.9600
30750750.0000    77.9600
30825850.0000    77.9600
30901010.0000    78.0400
30976230.0000    78.0400
31051510.0000    78.0400
31126850.0000    78.0400
31202250.0000    78.0400
31277720.0000    78.0400
31353240.0000    78.0400
31428820.0000    78.0400
31504460.0000    78.0400
31580170.0000    78.0400
31655930.0000    78.0400
31731750.0000    78.0400
31807640.0000    78.0400
31883580.0000    78.0400
31959590.0000    78.0400
32035650.0000    78.0400
32111780.0000    78.0400
32187960.0000    78.0400
32264210.0000    78.0400
32340520.0000    78.1200
32416880.0000    78.0400
32493300.0000    78.0400
32646370.0000    78.0400
32761300.0000    78.2100
32876360.0000    78.2100
32991540.0000    78.2100
33106860.0000    78.2900
33222310.0000    78.2900
33337880.0000    78.2900
33453580.0000    78.2900
33569420.0000    78.2900
33685380.0000    78.2900
33801480.0000    78.2900
33917700.0000    78.2900
34034050.0000    78.2900
34150530.0000    78.2900
34267140.0000    78.2900
34383870.0000    78.2900
34500730.0000    78.2900
34617720.0000    78.2900
34734840.0000    78.2900
34852080.0000    78.2900
34969440.0000    78.2900
35086940.0000    78.2900
35204550.0000    78.2900
35322290.0000    78.3700
35440160.0000    78.5300
35558140.0000    78.5300
35676250.0000    78.5300
35794480.0000    78.5300
35912830.0000    78.5300
36031300.0000    78.5300
36149890.0000    78.5300
36268600.0000    78.5300
36387430.0000    78.5300
36506380.0000    78.5300
36625450.0000    78.5300
36744630.0000    78.5300
36863940.0000    78.5300
36923620.0000    78.5300
36983340.0000    78.5300
37102880.0000    78.5300
37222540.0000    78.5300
37342320.0000    78.5300
37462210.0000    78.6100
37582230.0000    78.6100
37662280.0000    78.6100
37742400.0000    78.6100
37822560.0000    78.6100
37902770.0000    78.6100
37983030.0000    78.6100
38063340.0000    78.7000
38143710.0000    78.7000
38224120.0000    78.7800
38304590.0000    78.7800
38385100.0000    78.7800
38465660.0000    78.7800
38546280.0000    78.9400
38626940.0000    78.7800
38707650.0000    78.9400
38788420.0000    79.1000
38869240.0000    79.1900
38950110.0000    79.1900
39031030.0000    79.1900
39112010.0000    79.1900
39193050.0000    79.1900
39274140.0000    79.1900
39355280.0000    79.1900
39436480.0000    79.1900
39517730.0000    79.1900
39599040.0000    79.1900
39680400.0000    79.1900
39761810.0000    79.1900
39843280.0000    79.1900
39924800.0000    79.1900
40006370.0000    79.1900
40088000.0000    79.3500
40169670.0000    79.3500
40251390.0000    79.3500
40333160.0000    79.3500
40414970.0000    79.3500
40496830.0000    79.3500
40578730.0000    79.4300
40660670.0000    79.4300
40742650.0000    79.5900
40824670.0000    79.6800
40906730.0000    79.7600
40988830.0000    79.7600
41070970.0000    79.7600
41153150.0000    79.7600
41235360.0000    79.7600
41317620.0000    79.7600
41399920.0000    79.7600
41482260.0000    79.7600
41564640.0000    79.7600
41647060.0000    79.7600
41729530.0000    79.8400
41812040.0000    79.8400
41894600.0000    79.9200
41977190.0000    79.9200
42059840.0000    79.9200
42142530.0000    80.0800
42225270.0000    80.0800
42308050.0000    80.1700
42390880.0000    80.1700
42473760.0000    80.1700
42556680.0000    80.1700
42639640.0000    80.1700
42722650.0000    80.1700
42764170.0000    80.1700
42847240.0000    80.1700
42930360.0000    80.1700
43013520.0000    80.1700
43096730.0000    80.1700
43179980.0000    80.1700
43263280.0000    80.1700
43346620.0000    80.1700
43430010.0000    80.1700
43513440.0000    80.1700
43596920.0000    80.1700
43680440.0000    80.1700
43764010.0000    80.1700
43847630.0000    80.4100
43931290.0000    80.4100
44015000.0000    80.4100
44098760.0000    80.5700
44182550.0000    80.6600
44266390.0000    80.7400
44350280.0000    80.7400
44434210.0000    80.7400
44518180.0000    80.7400
44602200.0000    80.7400
44686250.0000    80.8200
44770360.0000    80.8200
44854500.0000    80.8200
44938690.0000    80.8200
45022920.0000    80.8200
45107200.0000    80.8200
45191530.0000    80.8200
45275890.0000    80.8200
45360300.0000    80.8200
45444760.0000    80.8200
45487000.0000    80.8200
45529250.0000    80.8200
45613800.0000    80.8200
45698400.0000    80.8200
45783040.0000    80.8200
45867730.0000    80.8200
45952460.0000    80.8200
46037250.0000    80.8200
46122070.0000    80.8200
46206950.0000    80.8200
46291870.0000    80.8200
46376840.0000    80.8200
46461860.0000    80.8200
46546930.0000    80.8200
46632040.0000    80.8200
46717200.0000    80.8200
46802410.0000    80.8200
46887670.0000    80.8200
46972970.0000    80.8200
47058320.0000    80.8200
47143730.0000    80.8200
47229180.0000    80.9000
47314670.0000    81.0600
47400220.0000    81.1400
47485820.0000    81.3100
47571460.0000    81.3100
47657150.0000    81.3100
47742890.0000    81.3900
47828670.0000    81.3900
47914500.0000    81.3900
48000380.0000    81.3900
48043330.0000    81.6300
48129280.0000    81.6300
48215280.0000    81.6300
48301320.0000    81.7200
48387400.0000    81.7200
48473530.0000    81.7200
48559710.0000    81.7200
48645930.0000    81.7200
48732200.0000    81.8000
48818510.0000    81.8000
48904870.0000    81.8000
48991270.0000    81.8000
49077700.0000    81.8000
49164180.0000    81.8000
49250700.0000    81.8000
49337260.0000    81.8000
49423870.0000    81.8000
49510510.0000    81.9600
49597190.0000    82.0400
49683920.0000    82.0400
49770690.0000    82.0400
49857500.0000    82.0400
49944360.0000    82.0400
50031260.0000    82.0400
50118210.0000    82.0400
50205200.0000    82.2100
50292230.0000    82.2100
50379310.0000    82.2100
50466440.0000    82.2100
50553620.0000    82.3700
50640840.0000    82.3700
50728110.0000    82.3700
50815420.0000    82.3700
50902790.0000    82.3700
50990200.0000    82.3700
51077660.0000    82.3700
51165160.0000    82.3700
51252720.0000    82.3700
51340320.0000    82.3700
51427970.0000    82.3700
51515670.0000    82.4500
51603420.0000    82.4500
51691210.0000    82.4500
51779060.0000    82.4500
51866950.0000    82.4500
51954890.0000    82.4500
52042880.0000    82.4500
52130920.0000    82.6100
52219010.0000    82.6100
52307140.0000    82.6100
52395330.0000    82.7800
52483560.0000    82.7800
52571850.0000    82.7800
52660180.0000    83.1000
52748560.0000    83.1000
52836990.0000    83.4300
52881220.0000    83.5900
52903330.0000    83.7600
52947580.0000    83.7600
53036120.0000    83.8400
53124700.0000    83.8400
53213340.0000    84.0800
53302020.0000    84.3300
53390750.0000    84.3300
53501730.0000    84.3300
53612780.0000    84.3300
53723910.0000    84.4100
53835110.0000    84.6500
53946380.0000    84.6500
54057720.0000    84.7400
54169130.0000    84.7400
54280620.0000    84.9800
54392180.0000    85.0600
54503820.0000    85.0600
54615520.0000    85.0600
54727310.0000    85.1400
54839160.0000    85.1400
54951100.0000    85.1400
55063100.0000    85.1400
55175180.0000    85.1400
55287340.0000    85.1400
55399570.0000    85.1400
55511870.0000    85.3100
55624250.0000    85.3900
55736700.0000    85.3900
55849230.0000    85.3900
55961830.0000    85.4700
56074510.0000    85.7200
56187260.0000    85.7200
56300080.0000    85.7200
56412980.0000    85.7200
56525950.0000    85.8800
56638990.0000    85.8800
56752110.0000    85.8800
56865300.0000    85.9600
56978560.0000    85.9600
57091900.0000    86.1200
57205300.0000    86.1200
57318780.0000    86.1200
57432340.0000    86.1200
57545960.0000    86.1200
57659650.0000    86.2100
57773420.0000    86.2100
57887250.0000    86.2100
58001160.0000    86.2100
58115140.0000    86.2900
58229190.0000    86.3700
58343310.0000    86.5300
58457510.0000    86.5300
58571780.0000    86.5300
58686120.0000    86.5300
58800530.0000    86.5300
58915010.0000    86.7000
59029570.0000    86.7000
59144200.0000    86.7000
59258900.0000    86.7000
59373670.0000    86.7000
59488510.0000    86.7000
59603430.0000    86.8600
59718420.0000    86.9400
59833480.0000    87.1800
59948610.0000    87.1800
60063810.0000    87.1800
60179080.0000    87.1800
60294430.0000    87.3500
60409850.0000    87.3500
60525340.0000    87.3500
60640910.0000    87.6700
60756560.0000    87.6700
60872270.0000    87.6700
60988060.0000    87.6700
61103910.0000    87.6700
61219840.0000    87.6700
61335830.0000    87.6700
61451880.0000    87.6700
61568010.0000    87.6700
61684200.0000    87.6700
61800460.0000    87.8400
61916790.0000    87.8400
62033180.0000    88.0800
62149630.0000    88.0800
62266140.0000    88.0800
62382720.0000    88.2500
62499350.0000    88.2500
62616060.0000    88.2500
62732820.0000    88.2500
62849650.0000    88.2500
62966540.0000    88.2500
63083500.0000    88.3300
63200530.0000    88.3300
63317620.0000    88.3300
63434770.0000    88.3300
63551990.0000    88.3300
63669280.0000    88.3300
63786630.0000    88.4900
63904050.0000    88.4900
64021530.0000    88.4900
64139090.0000    88.4900
64256710.0000    88.4900
64374400.0000    88.4900
64492160.0000    88.4900
64609980.0000    88.4900
64727880.0000    88.4900
64845840.0000    88.4900
64963870.0000    88.4900
65081980.0000    88.4900
65200150.0000    88.4900
65318390.0000    88.4900
65436700.0000    88.5700
65555080.0000    88.5700
65673530.0000    88.5700
65792050.0000    88.5700
65910640.0000    88.5700
66029300.0000    88.5700
66148020.0000    88.5700
66266820.0000    88.5700
66385680.0000    88.5700
66504620.0000    88.5700
66623620.0000    88.5700
66742690.0000    88.5700
66861830.0000    88.6500
66981040.0000    88.6500
67100320.0000    88.6500
67219670.0000    88.6500
67339080.0000    88.6500
67458570.0000    88.6500
67578120.0000    88.6500
67697740.0000    88.6500
67817430.0000    88.6500
67937180.0000    88.6500
68057010.0000    88.7400
68176900.0000    88.7400
68296860.0000    88.7400
68416880.0000    88.7400
68536980.0000    88.7400
68657140.0000    88.9000
68777370.0000    88.9000
68897660.0000    88.9000
69018030.0000    88.9000
69138460.0000    88.9000
69258950.0000    88.9000
69379520.0000    88.9000
69500150.0000    88.9000
69620850.0000    88.9800
69741610.0000    88.9800
69862440.0000    88.9800
69983340.0000    88.9800
70104310.0000    88.9800
70225340.0000    88.9800
70346430.0000    88.9800
70467590.0000    88.9800
70588820.0000    88.9800
70710120.0000    88.9800
70831470.0000    89.1400
70952900.0000    89.1400
71074390.0000    89.1400
71195950.0000    89.2300
71317570.0000    89.2300
71439250.0000    89.2300
71561010.0000    89.2300
71682830.0000    89.2300
71804710.0000    89.3900
71926660.0000    89.3900
72048680.0000    89.5500
72170760.0000    89.5500
72292910.0000    89.5500
72415120.0000    89.5500
72537400.0000    89.5500
72659740.0000    89.7200
72782140.0000    89.7200
72904610.0000    89.7200
73027150.0000    89.7200
73149740.0000    89.7200
73272410.0000    89.7200
73395130.0000    89.8000
73517930.0000    89.8800
73640780.0000    89.8800
73763700.0000    90.0400
73886680.0000    90.0400
74009730.0000    90.0400
74132830.0000    90.0400
74256010.0000    90.0400
74379240.0000    90.1200
74502540.0000    90.2100
74625910.0000    90.2100
74749330.0000    90.2100
74872820.0000    90.2100
74996370.0000    90.2100
75119990.0000    90.2100
75243660.0000    90.2100
75367400.0000    90.3700
75491200.0000    90.4500
75615060.0000    90.4500
75738990.0000    90.6900
75862970.0000    90.6100
75987020.0000    90.5300
76111120.0000    90.5300
76235280.0000    90.7800
76359500.0000    90.6900
76483770.0000    90.6900
76608100.0000    91.0200
76732490.0000    91.2700
76856940.0000    91.2700
76981440.0000    91.2700
77106000.0000    91.3500
77230610.0000    91.4300
77355280.0000    91.4300
77480010.0000    91.4300
77604790.0000    91.5100
77729630.0000    91.5100
77854520.0000    91.6700
77979470.0000    91.7600
78104470.0000    91.6700
78229530.0000    91.6700
78354640.0000    91.7600
78479810.0000    91.6700
78605040.0000    91.6700
78730320.0000    91.9200
78855660.0000    91.7600
78981060.0000    91.8400
79106520.0000    91.8400
79232030.0000    92.0800
79357600.0000    92.0800
79483220.0000    92.0800
79608910.0000    92.0800
79734650.0000    92.0800
79860450.0000    92.0800
79986300.0000    92.0800
80112220.0000    92.0800
80238190.0000    92.0800
80364220.0000    92.1600
80490310.0000    92.1600
80616460.0000    92.2500
80742670.0000    92.2500
80868930.0000    92.2500
80995260.0000    92.2500
81121640.0000    92.2500
81248080.0000    92.4100
81374580.0000    92.4100
81501140.0000    92.4100
81627750.0000    92.4100
81754430.0000    92.4100
81881160.0000    92.4100
82007950.0000    92.4100
82134790.0000    92.4100
82261690.0000    92.4100
82388650.0000    92.4100
82515670.0000    92.4100
82642740.0000    92.4100
82769880.0000    92.4100
82897070.0000    92.4900
83024320.0000    92.5700
83151620.0000    92.5700
83278990.0000    92.5700
83406410.0000    92.5700
83533890.0000    92.5700
83661440.0000    92.7400
83789030.0000    92.7400
83916690.0000    92.7400
84044410.0000    92.7400
84172180.0000    92.7400
84300010.0000    92.7400
84427900.0000    92.7400
84555850.0000    92.7400
84683850.0000    92.7400
84811920.0000    92.7400
84940040.0000    92.7400
85068210.0000    92.7400
85196450.0000    92.7400
85324750.0000    92.7400
85453100.0000    92.7400
85581510.0000    92.7400
85709980.0000    92.7400
85838510.0000    92.7400
85967100.0000    92.7400
86095740.0000    92.7400
86224450.0000    92.7400
86353210.0000    92.9000
86482030.0000    92.9000
86610920.0000    92.9000
86739860.0000    93.1400
86868860.0000    93.1400
86997920.0000    93.1400
87127040.0000    93.1400
87256220.0000    93.2300
87385460.0000    93.2300
87514760.0000    93.5500
87644120.0000    93.7100
87773540.0000    93.7100
87903020.0000    93.7100
88032560.0000    93.7100
88162160.0000    93.8800
88291820.0000    93.9600
88421540.0000    94.2000
88551330.0000    94.2000
88681170.0000    94.2900
88811080.0000    94.2900
88941040.0000    94.2900
89071060.0000    94.6900
89201140.0000    94.9400
89331280.0000    95.1800
89461470.0000    95.1800
89591720.0000    95.1800
89656860.0000    95.1800
89722010.0000    95.2700
89787170.0000    95.2700
89852350.0000    95.2700
89917540.0000    95.3500
89982740.0000    95.3500
90047950.0000    95.3500
90113180.0000    95.3500
90178420.0000    95.5100
90243670.0000    95.5100
90308940.0000    95.5100
90374220.0000    95.5100
90439510.0000    95.5100
90504810.0000    95.5100
90570120.0000    95.5100
90635450.0000    95.5100
90700790.0000    95.5100
90766140.0000    95.5100
90831500.0000    95.5100
90896880.0000    95.5100
90962270.0000    95.5100
91027670.0000    95.5100
91093090.0000    95.5100
91158510.0000    95.5100
91223950.0000    95.5100
91289410.0000    95.5100
91354880.0000    95.5100
91420360.0000    95.5100
91485850.0000    95.5100
91551360.0000    95.5100
91616880.0000    95.5100
91682410.0000    95.5100
91747960.0000    95.5100
91813520.0000    95.5100
91879100.0000    95.5100
91944690.0000    95.5100
92010290.0000    95.5100
92075910.0000    95.5900
92141540.0000    95.5900
92207180.0000    95.5900
92272840.0000    95.5900
92338510.0000    95.5900
92404200.0000    95.5900
92469900.0000    95.5900
92535620.0000    95.5900
92601350.0000    95.5900
92667090.0000    95.5900
92732850.0000    95.5900
92798630.0000    95.5900
92864410.0000    95.5900
92930220.0000    95.5900
92996030.0000    95.5900
93061860.0000    95.5900
93127710.0000    95.5900
93193570.0000    95.5900
93259450.0000    95.5900
93325340.0000    95.5900
93391240.0000    95.5900
93457160.0000    95.5900
93523090.0000    95.5900
93589040.0000    95.5900
93655000.0000    95.5900
93720980.0000    95.5900
93786970.0000    95.5900
93852980.0000    95.5900
93919000.0000    95.5900
93985040.0000    95.5900
94051090.0000    95.5900
94117160.0000    95.5900
94183240.0000    95.5900
94249340.0000    95.5100
94315450.0000    95.5100
94381570.0000    95.5100
94447710.0000    95.5100
94513870.0000    95.5100
94580040.0000    95.5100
94646220.0000    95.5100
94712420.0000    95.5100
94778640.0000    95.5100
94844870.0000    95.5100
94911110.0000    95.5100
94977370.0000    95.5100
95043650.0000    95.5900
95109940.0000    95.5900
95176240.0000    95.5900
95242560.0000    95.5900
95308890.0000    95.5900
95375240.0000    95.5900
95441600.0000    95.5900
95507980.0000    95.5900
95574380.0000    95.5900
95640780.0000    95.5900
95707210.0000    95.5900
95773640.0000    95.5900
95840100.0000    95.5900
95906560.0000    95.5900
95973050.0000    95.5900
96039550.0000    95.5900
96106060.0000    95.5900
96172580.0000    95.5900
96239130.0000    95.5900
96305680.0000    95.5900
96372260.0000    95.5900
96438840.0000    95.7600
96505450.0000    95.7600
96572060.0000    95.7600
96638690.0000    95.7600
96705340.0000    95.7600
96772000.0000    95.7600
96838680.0000    95.7600
96905370.0000    95.7600
96972070.0000    95.7600
97038800.0000    95.7600
97105530.0000    95.7600
97172280.0000    95.8400
97239050.0000    95.8400
97305830.0000    95.8400
97372620.0000    95.8400
97439430.0000    95.8400
97506260.0000    95.8400
97573100.0000    95.8400
97639960.0000    95.8400
97706830.0000    95.8400
97773710.0000    95.8400
97840610.0000    95.8400
97907530.0000    95.8400
97974450.0000    95.8400
98041400.0000    95.8400
98108360.0000    95.8400
98175330.0000    95.8400
98242320.0000    95.8400
98309330.0000    95.8400
98376340.0000    95.8400
98443380.0000    95.8400
98510430.0000    95.8400
98577490.0000    95.8400
98644570.0000    95.8400
98711660.0000    95.8400
98778770.0000    95.8400
98845890.0000    95.8400
98913030.0000    95.9200
98980180.0000    95.9200
99047350.0000    95.9200
99114530.0000    95.9200
99181720.0000    95.9200
99248940.0000    95.9200
99316160.0000    95.9200
99383400.0000    95.9200
99450660.0000    96.0800
99517930.0000    95.9200
99585210.0000    95.9200
99652510.0000    95.9200
99719820.0000    95.9200
99787150.0000    95.9200
99854490.0000    95.9200
99921850.0000    95.9200
99989220.0000    95.9200
100056600.0000    95.9200
100124000.0000    95.9200
100191400.0000    95.9200
100258900.0000    95.9200
100326300.0000    95.9200
100393800.0000    95.9200
100461200.0000    95.9200
100528700.0000    95.9200
100596200.0000    95.9200
100663700.0000    95.9200
100731300.0000    95.9200
100798800.0000    95.9200
100866400.0000    95.9200
100934000.0000    95.9200
101001500.0000    95.9200
101069200.0000    95.9200
101136800.0000    95.9200
101204400.0000    95.9200
101272100.0000    95.9200
101339700.0000    95.9200
101407400.0000    95.9200
101475100.0000    95.9200
101542800.0000    95.9200
101610500.0000    95.9200
101678200.0000    95.9200
101746000.0000    95.9200
101813800.0000    95.9200
101881500.0000    95.9200
101949300.0000    95.9200
102017100.0000    95.9200
102084900.0000    95.9200
102152800.0000    95.9200
102220600.0000    95.9200
102288500.0000    95.9200
102356400.0000    95.9200
102424300.0000    95.9200
102492200.0000    95.9200
102560100.0000    95.9200
102628000.0000    95.9200
102696000.0000    95.9200
102763900.0000    95.9200
102831900.0000    95.9200
102899900.0000    95.9200
102967900.0000    95.9200
103035900.0000    95.9200
103104000.0000    95.9200
103172000.0000    95.9200
103240100.0000    95.9200
103308200.0000    95.9200
103376300.0000    95.9200
103444400.0000    95.9200
103512500.0000    95.9200
103580600.0000    95.9200
103648800.0000    95.9200
103716900.0000    95.9200
103785100.0000    95.9200
103853300.0000    95.9200
103921500.0000    95.9200
103989700.0000    95.9200
104058000.0000    95.9200
104126200.0000    95.9200
104194500.0000    95.9200
104262700.0000    95.9200
104331000.0000    95.9200
104399300.0000    95.9200
104467700.0000    95.9200
104536000.0000    96.0800
104604300.0000    96.0800
104672700.0000    96.0800
104741100.0000    96.0800
104809500.0000    96.0800
104877900.0000    96.0800
104946300.0000    96.0800
105014700.0000    96.0800
105083200.0000    96.0800
105151600.0000    96.0800
105220100.0000    96.0800
105288600.0000    96.0800
105357100.0000    96.0800
105425600.0000    96.0800
105494100.0000    96.0800
105562700.0000    96.0800
105631200.0000    96.0800
105699800.0000    96.0800
105768400.0000    96.0800
105837000.0000    96.0800
105905600.0000    96.0800
105974200.0000    96.0800
106042900.0000    96.1600
106111500.0000    96.0800
106180200.0000    96.0800
106248900.0000    96.2500
106317600.0000    96.2500
106386300.0000    96.2500
106455000.0000    96.2500
106523800.0000    96.2500
106592500.0000    96.2500
106661300.0000    96.2500
106730100.0000    96.2500
106798900.0000    96.2500
106867700.0000    96.2500
106936500.0000    96.2500
107005400.0000    96.3300
107074200.0000    96.3300
107143100.0000    96.3300
107212000.0000    96.3300
107280900.0000    96.3300
107349800.0000    96.3300
107418700.0000    96.3300
107487600.0000    96.3300
107556600.0000    96.4100
107625500.0000    96.3300
107694500.0000    96.3300
107763500.0000    96.3300
107832500.0000    96.3300
107901500.0000    96.3300
107970500.0000    96.3300
108039600.0000    96.3300
108108600.0000    96.3300
108177700.0000    96.3300
108246800.0000    96.3300
108315900.0000    96.3300
108385000.0000    96.4900
108454100.0000    96.4900
108523300.0000    96.4900
108592400.0000    96.4900
108661600.0000    96.4900
108730800.0000    96.4900
108800000.0000    96.3300
108869200.0000    96.3300
108938400.0000    96.3300
109007600.0000    96.3300
109076900.0000    96.3300
109146200.0000    96.3300
109215400.0000    96.3300
109284700.0000    96.3300
109354000.0000    96.3300
109423300.0000    96.3300
109492700.0000    96.3300
109562000.0000    96.3300
109631400.0000    96.4100
109700800.0000    96.4900
109770200.0000    96.4900
109839600.0000    96.4900
109909000.0000    96.4900
109978400.0000    96.4900
110047800.0000    96.4900
110117300.0000    96.4900
110186800.0000    96.4900
110256200.0000    96.4900
110325700.0000    96.4900
110395300.0000    96.4900
110464800.0000    96.4900
110534300.0000    96.4900
110603900.0000    96.4900
110673400.0000    96.4900
110743000.0000    96.6500
110812600.0000    96.6500
110882200.0000    96.6500
110951800.0000    96.6500
111021500.0000    96.6500
111091100.0000    96.6500
111160800.0000    96.6500
111230500.0000    96.6500
111300100.0000    96.6500
111369800.0000    96.6500
111439600.0000    96.6500
111509300.0000    96.6500
111579000.0000    96.6500
111648800.0000    96.6500
111718600.0000    96.6500
111788300.0000    96.6500
111858100.0000    96.6500
111927900.0000    96.6500
111997800.0000    96.6500
112067600.0000    96.6500
112137500.0000    96.6500
112207300.0000    96.6500
112277200.0000    96.6500
112347100.0000    96.6500
112417000.0000    96.6500
112486900.0000    96.6500
112556800.0000    96.6500
112626800.0000    96.6500
112696700.0000    96.6500
112766700.0000    96.6500
112836700.0000    96.6500
112906700.0000    96.6500
112976700.0000    96.6500
113046700.0000    96.6500
113116800.0000    96.6500
113186800.0000    96.6500
113256900.0000    96.6500
113327000.0000    96.6500
113397100.0000    96.6500
113467200.0000    96.6500
113537300.0000    96.6500
113607400.0000    96.6500
113677600.0000    96.6500
113747800.0000    96.6500
113817900.0000    96.6500
113888100.0000    96.6500
113958300.0000    96.6500
114028500.0000    96.6500
114098800.0000    96.6500
114169000.0000    96.6500
114239300.0000    96.6500
114309500.0000    96.6500
114379800.0000    96.6500
114450100.0000    96.6500
114520400.0000    96.6500
114590800.0000    96.6500
114661100.0000    96.6500
114731500.0000    96.6500
114801800.0000    96.6500
114872200.0000    96.6500
114942600.0000    96.6500
115013000.0000    96.7400
115083400.0000    96.7400
115153900.0000    96.7400
115224300.0000    96.7400
115365300.0000    96.7400
115435800.0000    96.7400
115506300.0000    96.7400
115576800.0000    96.7400
115647300.0000    96.7400
115788400.0000    96.7400
115859000.0000    96.8200
115929600.0000    96.8200
116070800.0000    96.8200
116141400.0000    96.8200
116212100.0000    96.8200
116282700.0000    96.8200
116353400.0000    96.9000
116424100.0000    96.9000
116494800.0000    96.9000
116636200.0000    96.9000
116706900.0000    96.9000
116777700.0000    96.9000
116848400.0000    96.9800
116919200.0000    96.9800
116990000.0000    96.9800
117060800.0000    96.9800
117202500.0000    96.9800
117273300.0000    96.9800
117344200.0000    96.9800
117415000.0000    96.9800
117485900.0000    96.9800
117556800.0000    96.9800
117627700.0000    96.9800
117698700.0000    96.9800
117769600.0000    96.9800
117840600.0000    96.9800
117911500.0000    96.9800
117982500.0000    96.9800
118053500.0000    96.9800
118124500.0000    96.9800
118195500.0000    96.9800
118266600.0000    96.9800
118337600.0000    97.0600
118408700.0000    97.0600
118479700.0000    97.0600
118550800.0000    97.0600
118621900.0000    97.0600
118693000.0000    97.0600
118764200.0000    97.0600
118835300.0000    97.0600
118906500.0000    97.0600
118977700.0000    97.0600
119048800.0000    97.0600
119120000.0000    97.0600
119191200.0000    97.0600
119262500.0000    97.0600
119333700.0000    97.0600
119405000.0000    97.0600
119476200.0000    97.0600
119547500.0000    97.0600
119618800.0000    97.0600
119690100.0000    97.0600
119761400.0000    97.0600
119832800.0000    97.0600
119904100.0000    97.0600
119975500.0000    97.0600
120046800.0000    97.0600
120118200.0000    97.0600
120189600.0000    97.0600
120261000.0000    97.0600
120332500.0000    97.0600
120403900.0000    97.0600
120475400.0000    97.0600
120546800.0000    97.0600
120618300.0000    97.0600
120689800.0000    97.0600
120761300.0000    97.1400
120832900.0000    97.1400
120904400.0000    97.1400
120975900.0000    97.1400
121047500.0000    97.1400
121119100.0000    97.1400
121190700.0000    97.1400
121262300.0000    97.1400
121333900.0000    97.2200
121405500.0000    97.2200
121477200.0000    97.2200
121548800.0000    97.3900
121620500.0000    97.3900
121692200.0000    97.4700
121763900.0000    97.4700
121835600.0000    97.4700
121907300.0000    97.4700
121979100.0000    97.4700
122050800.0000    97.4700
122122600.0000    97.4700
122194400.0000    97.4700
122266200.0000    97.4700
122338000.0000    97.4700
122409800.0000    97.4700
122481600.0000    97.4700
122553500.0000    97.4700
122625300.0000    97.4700
122697200.0000    97.4700
122769100.0000    97.4700
122841000.0000    97.4700
122912900.0000    97.4700
122984800.0000    97.5500
123056800.0000    97.5500
123128700.0000    97.5500
123200700.0000    97.5500
123272700.0000    97.5500
123344700.0000    97.5500
123416700.0000    97.5500
123488700.0000    97.5500
123560700.0000    97.5500
123632700.0000    97.4700
123704800.0000    97.4700
123776900.0000    97.4700
123849000.0000    97.4700
123921100.0000    97.4700
123993200.0000    97.4700
124065300.0000    97.4700
124137400.0000    97.4700
124209600.0000    97.4700
124281700.0000    97.4700
124353900.0000    97.4700
124426100.0000    97.4700
124498300.0000    97.4700
124570500.0000    97.4700
124642800.0000    97.4700
124715000.0000    97.4700
124787300.0000    97.4700
124859500.0000    97.4700
124931800.0000    97.4700
125004100.0000    97.4700
125076400.0000    97.4700
125148800.0000    97.4700
125221100.0000    97.4700
125293500.0000    97.4700
125365800.0000    97.4700
125438200.0000    97.4700
125510600.0000    97.4700
125583000.0000    97.4700
125655400.0000    97.4700
125727900.0000    97.4700
125800300.0000    97.4700
125872800.0000    97.4700
125945200.0000    97.4700
126017700.0000    97.4700
126090200.0000    97.4700
126162700.0000    97.4700
126235300.0000    97.4700
126307800.0000    97.4700
126380400.0000    97.4700
126452900.0000    97.4700
126525500.0000    97.4700
126598100.0000    97.4700
126670700.0000    97.4700
126743300.0000    97.4700
126816000.0000    97.4700
126888600.0000    97.4700
126961300.0000    97.4700
127034000.0000    97.4700
127106600.0000    97.6300
127179300.0000    97.6300
127252100.0000    97.6300
127324800.0000    97.6300
127397500.0000    97.6300
127470300.0000    97.6300
127543000.0000    97.6300
127615800.0000    97.6300
127688600.0000    97.6300
127761400.0000    97.6300
127834200.0000    97.6300
127907100.0000    97.6300
127979900.0000    97.6300
128052800.0000    97.6300
128125700.0000    97.6300
128198600.0000    97.6300
128271500.0000    97.6300
128344400.0000    97.6300
128417300.0000    97.6300
128490300.0000    97.6300
128563200.0000    97.6300
128636200.0000    97.6300
128709200.0000    97.6300
128782200.0000    97.6300
128855200.0000    97.6300
128928200.0000    97.6300
129001200.0000    97.6300
129074300.0000    97.6300
129147400.0000    97.7100
129220400.0000    97.7100
129293500.0000    97.7100
129366600.0000    97.7100
129439800.0000    97.7100
129512900.0000    97.7100
129586100.0000    97.7100
129659200.0000    97.7100
129732400.0000    97.7100
129878800.0000    97.7100
130025300.0000    97.7100
130171800.0000    97.7100
130318300.0000    97.7100
130465000.0000    97.7100
130611600.0000    97.7100
130758400.0000    97.7100
130905100.0000    97.7100
131052000.0000    97.7100
131198900.0000    97.7100
131345800.0000    97.8000
131492800.0000    97.8000
131639800.0000    97.8000
131786900.0000    97.8000
131934100.0000    97.8000
132081300.0000    97.8000
132228600.0000    97.8000
132375900.0000    97.8000
132523200.0000    97.8000
132670700.0000    97.8000
132818100.0000    97.8000
132965600.0000    97.8000
133113200.0000    97.8000
133260900.0000    97.8000
133408500.0000    97.8000
133556300.0000    97.8000
133704100.0000    97.8000
133851900.0000    97.8000
133999800.0000    97.8000
134147700.0000    97.8000
134295700.0000    97.8000
134443800.0000    97.8000
134591900.0000    97.8000
134740000.0000    97.8000
134888300.0000    97.8000
135036500.0000    97.8000
135184800.0000    97.8000
135333200.0000    97.8000
135481600.0000    97.8000
135630100.0000    97.8000
135778600.0000    97.8000
135927200.0000    97.8000
136075800.0000    97.8000
136224500.0000    97.8000
136373200.0000    97.8000
136522000.0000    97.8000
136670800.0000    97.8000
136819700.0000    97.8000
136968700.0000    97.8000
137117700.0000    97.8000
137266700.0000    97.8000
137415800.0000    97.8000
137564900.0000    97.8000
137714100.0000    97.8800
137863400.0000    97.8800
138012700.0000    97.8800
138162100.0000    97.8000
138311500.0000    97.8000
138460900.0000    97.8000
138610400.0000    97.8000
138760000.0000    97.8000
138909600.0000    97.8000
139059200.0000    97.8000
139208900.0000    97.8000
139358600.0000    97.8000
139508400.0000    97.8000
139658200.0000    97.8000
139808100.0000    97.8000
139958000.0000    97.8000
140108000.0000    97.8000
140258000.0000    97.8000
140408100.0000    97.8000
140558200.0000    97.8000
140708400.0000    97.8000
140858600.0000    97.8000
141008900.0000    97.8000
141159200.0000    97.8000
141309500.0000    97.8000
141459900.0000    97.8000
141610400.0000    97.8000
141760900.0000    97.8000
141911400.0000    97.8000
142062000.0000    97.8000
142212700.0000    97.8000
142363400.0000    97.8000
142514100.0000    97.8000
142664900.0000    97.8000
142815800.0000    97.8000
142966600.0000    97.8000
143117600.0000    97.8000
143268600.0000    97.8000
143419600.0000    97.8000
143570700.0000    97.8000
143721800.0000    97.8000
143873000.0000    97.8000
144024200.0000    97.8000
144175500.0000    97.8000
144326800.0000    97.8000
144478100.0000    97.8000
144629500.0000    97.8000
144705300.0000    97.8000
144743100.0000    97.8000
144818900.0000    97.8000
144970400.0000    97.8000
145046100.0000    97.8000
145084000.0000    97.8000
145159800.0000    97.8000
145311400.0000    97.8000
145463100.0000    97.8000
145614800.0000    97.8000
145690700.0000    97.8000
145728600.0000    97.8000
145804500.0000    97.8000
145956400.0000    97.8000
146032300.0000    97.8000
146070200.0000    97.8000
146146200.0000    97.8000
146298100.0000    97.8000
146450100.0000    97.8000
146602100.0000    97.8000
146754200.0000    97.8000
146906300.0000    97.8000
147058500.0000    97.8000
147210700.0000    97.8000
147362900.0000    97.8000
147515200.0000    97.8000
147667600.0000    97.8000
147820000.0000    97.8000
147972400.0000    97.8000
148124900.0000    97.8000
148277500.0000    97.8000
148430000.0000    97.9600
148582700.0000    97.9600
148735300.0000    97.9600
148888100.0000    97.9600
149040800.0000    97.9600
149193700.0000    97.9600
149346500.0000    97.9600
149499400.0000    97.9600
149652400.0000    97.9600
149805400.0000    97.9600
149958500.0000    97.9600
150111600.0000    97.9600
150264700.0000    97.9600
150417900.0000    97.9600
150571100.0000    97.9600
150724400.0000    97.9600
150877800.0000    97.9600
151031100.0000    97.9600
151184600.0000    97.9600
151338100.0000    97.9600
151491600.0000    97.9600
151645100.0000    97.9600
151798800.0000    98.0400
151952400.0000    98.0400
152106100.0000    98.0400
152259900.0000    98.0400
152413700.0000    98.0400
152567600.0000    98.0400
152721500.0000    98.0400
152875400.0000    98.0400
153029400.0000    98.1200
153183500.0000    98.0400
153337500.0000    98.0400
153491700.0000    98.0400
153645900.0000    98.0400
153800100.0000    98.0400
153877200.0000    98.0400
153915800.0000    98.0400
153992900.0000    98.0400
154108700.0000    98.0400
154224500.0000    98.0400
154340300.0000    98.0400
154456100.0000    98.0400
154571900.0000    98.0400
154687800.0000    98.0400
154803700.0000    98.0400
154919700.0000    98.0400
155035600.0000    98.0400
155151600.0000    98.0400
155267600.0000    98.0400
155383700.0000    98.0400
155499700.0000    98.0400
155615800.0000    98.0400
155731900.0000    98.0400
155848100.0000    98.0400
155964300.0000    98.0400
156080500.0000    98.0400
156196700.0000    98.0400
156313000.0000    98.0400
156429200.0000    98.0400
156545500.0000    98.0400
156661900.0000    98.0400
156778200.0000    98.0400
156894600.0000    98.0400
157011100.0000    98.0400
157127500.0000    98.0400
157244000.0000    98.0400
157360500.0000    98.0400
157477000.0000    98.0400
157593500.0000    98.0400
157710100.0000    98.0400
157826700.0000    98.0400
157943400.0000    98.0400
158060000.0000    98.0400
158176700.0000    98.0400
158293400.0000    98.0400
158410200.0000    98.0400
158526900.0000    98.0400
158643700.0000    98.0400
158760500.0000    98.0400
158877400.0000    98.1200
158994300.0000    98.1200
159111200.0000    98.1200
159228100.0000    98.1200
159345000.0000    98.1200
159462000.0000    98.1200
159579000.0000    98.1200
159696100.0000    98.1200
159813100.0000    98.1200
159930200.0000    98.1200
160047300.0000    98.1200
160164500.0000    98.1200
160281600.0000    98.1200
160398800.0000    98.1200
160516000.0000    98.1200
160633300.0000    98.1200
160750600.0000    98.1200
160867900.0000    98.1200
160985200.0000    98.1200
161102600.0000    98.1200
161219900.0000    98.1200
161337300.0000    98.1200
161454800.0000    98.1200
161572200.0000    98.1200
161689700.0000    98.1200
161807200.0000    98.2000
161885600.0000    98.1200
