    0.0302    13.1500
    0.0459    13.1500
   -0.0063    13.1500
   -0.2297    13.1500
   -0.7545    13.1500
   -1.5951    13.1500
   -2.3569    13.1500
   -1.6989    13.1500
   17.1779    13.1500
  339.6237    13.1500
 3815.1000    13.1500
30451.3700    13.1500
123189.5000    13.1500
277682.9000    13.1500
496401.8000    13.1500
776767.8000    13.2300
832616.5000    13.8900
953109.3000    13.8900
1223852.0000    14.2900
1617911.0000    14.9500
2049615.0000    15.1100
2514283.0000    15.3600
3007865.0000    16.0900
3213531.0000    16.8200
3640640.0000    16.8200
4175243.0000    17.2300
4719937.0000    18.0500
5275358.0000    18.2900
5841949.0000    18.7000
6260749.0000    19.2700
6549170.0000    19.7600
6840760.0000    20.5800
7134750.0000    20.6600
7429691.0000    21.2300
7725973.0000    21.4000
8023435.0000    21.8000
8321358.0000    22.3800
8617402.0000    23.7600
8913868.0000    24.0900
9208979.0000    24.7400
9536755.0000    25.0700
9865036.0000    25.6400
10160670.0000    26.4600
10455740.0000    26.6200
10751440.0000    26.7000
11047240.0000    27.7600
11342530.0000    28.6600
11636680.0000    29.0700
11931120.0000    29.3100
12078470.0000    30.4600
12226110.0000    30.5400
12521980.0000    30.8600
12817600.0000    31.2700
13113500.0000    31.8400
13261380.0000    32.4200
13409420.0000    33.1500
13557650.0000    33.5600
13706080.0000    33.9700
14004040.0000    34.2100
14153290.0000    35.0300
14302780.0000    35.1100
14377580.0000    35.9200
14452430.0000    36.4100
14527320.0000    36.5800
14602220.0000    36.6600
14677150.0000    36.6600
14752090.0000    36.9900
14827060.0000    37.1500
14902070.0000    37.3900
14977110.0000    37.3900
15052170.0000    37.8000
15127230.0000    37.8800
15202330.0000    38.0500
15277450.0000    38.1300
15352600.0000    38.5400
15427790.0000    38.9500
15503000.0000    39.1900
15578250.0000    39.2700
15653440.0000    40.0900
15728540.0000    40.0900
15803590.0000    40.4100
15878620.0000    40.5800
15953660.0000    40.7400
16028720.0000    40.9000
16103810.0000    41.1500
16137190.0000    41.1500
16170580.0000    41.2300
16203970.0000    41.3100
16237370.0000    41.3900
16270770.0000    41.3900
16304190.0000    41.4800
16337610.0000    41.6400
16371050.0000    41.7200
16404490.0000    41.8800
16437950.0000    42.0500
16471420.0000    42.0500
16538410.0000    42.0500
16605450.0000    42.0500
16672540.0000    42.2100
16739680.0000    42.3700
16806880.0000    42.5400
16874140.0000    42.6200
16941460.0000    42.6200
17008860.0000    42.6200
17076330.0000    42.8600
17143870.0000    42.9400
17211480.0000    43.1900
17279170.0000    43.4300
17346940.0000    43.8400
17414790.0000    44.0900
17482710.0000    44.2500
17550690.0000    44.5800
17618740.0000    44.7400
17686870.0000    44.8200
17755070.0000    44.8200
17823350.0000    44.9900
17891710.0000    45.2300
17960140.0000    45.3900
18028630.0000    45.8000
18097190.0000    45.8000
18165820.0000    46.1300
18234540.0000    46.2900
18303340.0000    46.5400
18372230.0000    46.6200
18441220.0000    46.7800
18510300.0000    47.1100
18579470.0000    47.2700
18648720.0000    47.4300
18718060.0000    47.5200
18787460.0000    47.6800
18856930.0000    47.5200
18926470.0000    47.5200
18996100.0000    47.7600
19065810.0000    48.0900
19135620.0000    48.0900
19205520.0000    48.0900
19275530.0000    48.1700
19345640.0000    48.1700
19415850.0000    48.4100
19486160.0000    48.5000
19556580.0000    48.6600
19627110.0000    48.6600
19697740.0000    49.0700
19768460.0000    49.1500
19839280.0000    49.2300
19910200.0000    49.3100
19981230.0000    49.4700
20052370.0000    49.7200
20123610.0000    49.8800
20194970.0000    49.9600
20266430.0000    50.0500
20338010.0000    50.0500
20409700.0000    50.0500
20481510.0000    50.0500
20553440.0000    50.0500
20625490.0000    50.0500
20697670.0000    50.3700
20769970.0000    50.5400
20842390.0000    50.7800
20914940.0000    50.8600
20987620.0000    51.0300
21060440.0000    51.0300
21133400.0000    51.1100
21206500.0000    51.1100
21279730.0000    51.4300
21353120.0000    51.9200
21426650.0000    52.0900
21500330.0000    52.0900
21574180.0000    52.1700
21648170.0000    52.4900
21722320.0000    52.5800
21796610.0000    52.7400
21871060.0000    52.9000
21945660.0000    53.0700
22020410.0000    53.0700
22095310.0000    53.1500
22170370.0000    53.5600
22245570.0000    53.7200
22320930.0000    53.8000
22396450.0000    53.8000
22472120.0000    53.8000
22547960.0000    53.9600
22623970.0000    54.2900
22700150.0000    54.2900
22776500.0000    54.6200
22853030.0000    54.8600
22929730.0000    54.8600
23006610.0000    54.9400
23083660.0000    54.9400
23160890.0000    55.3500
23238300.0000    55.3500
23315890.0000    55.5100
23393660.0000    55.6000
23471600.0000    55.9200
23549710.0000    56.3300
23627980.0000    56.5800
23706400.0000    56.8200
23784980.0000    57.1500
23863710.0000    57.1500
23942610.0000    57.3100
24021670.0000    57.3100
24100890.0000    57.4700
24180290.0000    57.4700
24259860.0000    57.8800
24339580.0000    58.2100
24419470.0000    58.3700
24499510.0000    59.0200
24579720.0000    59.1900
24660100.0000    59.2700
24740640.0000    59.3500
24821350.0000    59.5100
24902230.0000    59.8400
24983270.0000    59.8400
25064480.0000    59.8400
25145870.0000    60.0000
25227420.0000    60.0000
25309150.0000    60.0900
25391040.0000    60.3300
25473110.0000    60.4100
25555340.0000    60.7400
25637740.0000    60.8200
25720310.0000    61.0700
25803050.0000    61.3100
25885970.0000    62.1300
25969050.0000    62.0400
26052310.0000    62.5300
26135730.0000    62.6200
26219330.0000    63.0200
26303090.0000    63.0200
26387020.0000    63.2700
26471120.0000    63.4300
26555380.0000    64.0000
26639810.0000    64.4100
26724410.0000    64.5800
26809180.0000    64.5800
26894110.0000    64.8200
26979210.0000    64.9000
27064480.0000    64.9800
27149920.0000    65.0600
27235520.0000    65.0600
27321290.0000    65.2300
27407230.0000    65.2300
27493340.0000    65.3100
27579620.0000    65.3900
27666070.0000    65.4700
27752700.0000    65.5500
27839500.0000    65.5500
27926480.0000    65.6400
28013620.0000    65.6400
28100940.0000    65.7200
28188420.0000    65.8000
28276070.0000    65.8000
28363890.0000    66.2100
28451880.0000    66.2100
28540040.0000    66.2100
28628370.0000    66.2900
28716870.0000    66.3700
28805540.0000    66.3700
28894390.0000    66.3700
28983400.0000    66.4500
29072580.0000    66.7000
29161930.0000    66.7000
29251450.0000    66.7000
29341130.0000    66.7000
29430970.0000    66.7000
29520990.0000    66.8600
29611170.0000    66.8600
29701520.0000    67.0200
29792040.0000    67.0200
29882730.0000    67.2700
29973590.0000    67.4300
30064620.0000    67.6000
30155810.0000    67.6000
30247170.0000    67.6000
30338690.0000    67.6000
30430390.0000    67.6800
30522250.0000    67.6800
30614270.0000    67.6800
30706460.0000    67.8400
30798820.0000    67.8400
30891350.0000    67.7600
30984040.0000    67.8400
31076890.0000    68.0000
31169920.0000    68.0800
31263110.0000    68.0000
31356460.0000    68.0000
31449980.0000    68.2500
31543660.0000    68.5700
31637510.0000    68.4900
31731520.0000    68.5700
31825700.0000    68.5700
31920040.0000    68.6600
32014540.0000    68.5700
32109210.0000    68.8200
32204040.0000    68.9000
32299040.0000    69.1500
32394190.0000    69.3100
32489510.0000    69.2300
32584990.0000    69.2300
32680640.0000    69.2300
32776440.0000    69.3900
32872400.0000    69.4700
32968520.0000    69.3900
33064800.0000    69.4700
33161240.0000    69.4700
33257840.0000    69.4700
33354590.0000    69.5500
33451500.0000    69.4700
33548570.0000    69.4700
33645800.0000    69.5500
33743180.0000    69.4700
33840710.0000    69.5500
33938400.0000    69.5500
34036240.0000    69.6400
34134230.0000    69.6400
34232360.0000    69.8800
34281470.0000    69.8000
34330610.0000    69.8000
34429030.0000    69.8000
34527600.0000    69.8800
34626300.0000    69.9600
34725140.0000    70.1300
34824120.0000    70.0400
34923230.0000    70.2900
35022470.0000    70.2100
35121840.0000    70.4500
35221340.0000    70.4500
35320960.0000    70.6200
35420710.0000    70.5300
35520580.0000    70.6200
35620580.0000    70.7800
35720700.0000    70.7800
35820940.0000    71.1000
35921310.0000    71.3500
35971520.0000    71.3500
36021750.0000    71.4300
36122350.0000    71.5100
36223060.0000    71.5100
36323890.0000    71.5100
36424830.0000    71.5100
36525890.0000    71.5100
36627060.0000    71.5100
36728340.0000    71.5100
36829740.0000    71.5100
36931250.0000    71.5100
37032880.0000    71.5900
37134620.0000    71.7600
37236470.0000    72.0000
37338440.0000    72.0000
37440510.0000    72.1700
37542700.0000    72.1700
37645000.0000    72.1700
37747400.0000    72.1700
37849920.0000    72.1700
37952540.0000    72.2500
38055270.0000    72.2500
38158110.0000    72.3300
38261050.0000    72.3300
38364100.0000    72.3300
38467250.0000    72.5700
38570500.0000    72.7400
38673850.0000    72.9000
38777300.0000    72.9800
38880840.0000    72.9800
38984480.0000    72.9800
39088220.0000    72.9800
39192050.0000    72.9800
39295980.0000    72.9800
39400000.0000    72.9800
39504110.0000    72.9800
39608310.0000    72.9800
39712600.0000    72.9800
39816990.0000    73.0600
39921460.0000    73.0600
40026010.0000    73.0600
40130660.0000    73.2300
40235390.0000    73.2300
40287780.0000    73.3100
40313980.0000    73.3100
40366400.0000    73.3100
40471320.0000    73.3100
40576330.0000    73.3100
40681420.0000    73.3900
40786590.0000    73.5500
40891840.0000    73.6400
40997170.0000    73.6400
41102570.0000    73.7200
41208060.0000    73.7200
41313620.0000    73.7200
41419250.0000    73.7200
41524960.0000    73.7200
41630750.0000    73.8800
41736600.0000    73.8800
41829280.0000    73.8800
41922020.0000    73.8800
42014810.0000    73.8800
42107650.0000    73.8800
42200550.0000    74.0400
42293500.0000    74.0400
42386510.0000    74.0400
42479570.0000    74.0400
42572680.0000    74.1300
42665840.0000    74.1300
42759050.0000    74.2100
42852320.0000    74.2900
42945630.0000    74.4500
43039000.0000    74.2900
43132410.0000    74.2900
43225870.0000    74.2900
43319390.0000    74.2900
43412950.0000    74.2900
43506560.0000    74.2900
43600220.0000    74.2900
43693930.0000    74.3700
43787690.0000    74.3700
43834580.0000    74.3700
43858030.0000    74.3700
43904940.0000    74.3700
43998810.0000    74.3700
44092730.0000    74.4500
44186700.0000    74.4500
44280720.0000    74.4500
44374790.0000    74.4500
44468900.0000    74.4500
44563070.0000    74.4500
44657290.0000    74.4500
44751550.0000    74.4500
44845870.0000    74.4500
44940230.0000    74.4500
45034640.0000    74.4500
45129100.0000    74.4500
45223610.0000    74.4500
45318170.0000    74.6100
45412780.0000    74.6100
45507440.0000    74.6100
45602150.0000    74.6100
45696910.0000    74.6100
45791720.0000    74.6100
45886580.0000    74.6100
45981490.0000    74.6100
46076450.0000    74.6100
46171450.0000    74.6100
46266510.0000    74.6100
46361620.0000    74.6100
46456770.0000    74.6100
46551970.0000    74.6100
46647220.0000    74.6100
46742530.0000    74.6100
46837880.0000    74.6100
46933280.0000    74.6100
47028730.0000    74.6100
47124220.0000    74.6100
47219770.0000    74.7000
47305120.0000    74.7000
47390510.0000    74.7000
47475940.0000    74.7000
47561410.0000    74.7000
47646920.0000    74.7000
47732470.0000    74.9400
47818060.0000    74.9400
47903680.0000    74.9400
47989350.0000    74.9400
48075060.0000    74.9400
48160800.0000    74.9400
48246590.0000    74.9400
48332410.0000    74.9400
48418280.0000    74.9400
48504180.0000    74.9400
48590130.0000    75.1000
48676120.0000    75.1900
48762140.0000    75.1900
48848210.0000    75.1900
48934310.0000    75.4300
49020460.0000    75.4300
49106650.0000    75.4300
49192880.0000    75.5900
49279150.0000    75.5900
49365470.0000    75.5900
49451820.0000    75.5900
49538220.0000    75.7600
49624650.0000    75.7600
49711130.0000    75.8400
49797660.0000    75.8400
49884220.0000    75.8400
49970830.0000    75.8400
50057470.0000    76.0000
50144160.0000    76.0000
50230900.0000    76.1700
50317670.0000    76.1700
50404490.0000    76.1700
50491350.0000    76.1700
50578250.0000    76.1700
50665200.0000    76.1700
50752180.0000    76.1700
50839210.0000    76.1700
50926280.0000    76.2500
51013390.0000    76.2500
51100540.0000    76.2500
51187730.0000    76.2500
51274960.0000    76.2500
51362230.0000    76.3300
51449540.0000    76.2500
51536890.0000    76.2500
51624280.0000    76.2500
51711710.0000    76.2500
51799190.0000    76.2500
51886700.0000    76.2500
51974260.0000    76.2500
52061860.0000    76.3300
52149500.0000    76.2500
52237190.0000    76.2500
52324910.0000    76.2500
52412680.0000    76.2500
52500500.0000    76.4100
52588350.0000    76.3300
52676250.0000    76.3300
52764200.0000    76.3300
52852180.0000    76.3300
52940220.0000    76.5700
53028290.0000    76.4900
53116410.0000    76.4900
53204570.0000    76.5700
53292770.0000    76.4900
53381020.0000    76.4900
53469310.0000    76.7400
53557640.0000    76.9000
53646020.0000    76.8200
53734430.0000    76.8200
53822890.0000    76.9000
53911390.0000    76.8200
53999930.0000    76.8200
54088510.0000    76.9000
54177130.0000    76.8200
54265800.0000    76.8200
54354500.0000    76.9000
54443250.0000    76.8200
54532050.0000    76.8200
54620890.0000    76.9000
54709770.0000    76.8200
54798700.0000    76.9000
54887670.0000    76.8200
54976680.0000    76.9000
55065740.0000    76.9000
55154850.0000    76.9000
55244000.0000    76.9000
55333200.0000    76.9000
55422440.0000    76.9000
55511730.0000    76.9000
55601060.0000    76.9000
55690440.0000    76.9000
55779860.0000    76.9800
55869340.0000    76.9800
55958850.0000    76.9800
56048410.0000    76.9800
56138020.0000    76.9800
56227680.0000    76.9800
56317380.0000    76.9800
56407130.0000    76.9800
56496920.0000    76.9800
56586760.0000    76.9800
56676650.0000    76.9800
56766580.0000    77.0600
56856560.0000    77.0600
56946580.0000    77.0600
57036650.0000    77.0600
57126770.0000    77.0600
57216930.0000    77.0600
57307140.0000    77.0600
57397400.0000    77.0600
57487700.0000    77.0600
57578050.0000    77.0600
57668440.0000    77.0600
57758880.0000    77.0600
57849370.0000    77.0600
57939900.0000    77.0600
58030480.0000    77.0600
58121100.0000    77.2300
58211770.0000    77.2300
58302490.0000    77.2300
58393250.0000    77.2300
58484060.0000    77.2300
58574910.0000    77.2300
58665810.0000    77.2300
58756760.0000    77.2300
58847750.0000    77.3900
58938790.0000    77.3900
59029870.0000    77.3900
59121000.0000    77.3900
59212170.0000    77.3900
59303390.0000    77.3900
59394650.0000    77.3900
59485960.0000    77.3900
59577320.0000    77.3900
59668720.0000    77.3900
59760160.0000    77.3900
59851660.0000    77.4700
59943190.0000    77.4700
60034780.0000    77.4700
60126400.0000    77.4700
60218080.0000    77.6300
60309790.0000    77.6300
60401560.0000    77.6300
60493370.0000    77.6300
60585220.0000    77.6300
60677120.0000    77.6300
60769070.0000    77.6300
60861060.0000    77.6300
60953090.0000    77.6300
61045170.0000    77.6300
61137300.0000    77.6300
61229470.0000    77.6300
61321690.0000    77.6300
61413950.0000    77.6300
61506250.0000    77.6300
61598600.0000    77.6300
61691000.0000    77.6300
61783440.0000    77.6300
61875920.0000    77.6300
61968450.0000    77.6300
62061030.0000    77.8000
62153640.0000    77.8000
62246300.0000    77.8000
62339000.0000    77.8000
62431740.0000    77.8000
62524520.0000    77.8000
62617340.0000    77.8000
62710200.0000    77.8000
62803110.0000    77.8000
62896050.0000    77.8000
62989040.0000    77.8000
63082060.0000    77.8000
63175130.0000    77.8000
63268240.0000    77.9600
63361400.0000    77.8000
63454600.0000    77.8000
63547840.0000    77.8000
63641120.0000    77.8000
63734450.0000    77.8800
63827820.0000    77.7200
63921230.0000    77.7200
64014690.0000    77.7200
64108190.0000    77.7200
64201730.0000    77.7200
64295320.0000    77.7200
64388950.0000    77.7200
64482620.0000    77.7200
64576340.0000    77.7200
64670100.0000    77.7200
64763900.0000    77.7200
64857740.0000    77.7200
64951630.0000    77.7200
65045560.0000    77.7200
65139530.0000    77.7200
65233540.0000    77.7200
65327590.0000    77.7200
65421690.0000    77.7200
65515830.0000    77.7200
65610010.0000    77.7200
65704230.0000    77.7200
65798490.0000    77.7200
65892790.0000    77.8800
65987140.0000    77.8800
66081520.0000    77.8800
66175950.0000    77.8800
66270410.0000    77.8800
66364920.0000    77.8800
66459470.0000    77.8800
66554060.0000    77.8800
66648690.0000    77.8800
66743360.0000    77.8800
66838070.0000    77.8800
66932810.0000    77.8800
67027600.0000    77.8800
67122430.0000    77.8800
67217300.0000    77.8800
67312210.0000    77.8800
67407160.0000    77.8800
67502150.0000    77.8800
67597180.0000    77.8800
67692250.0000    77.8800
67787360.0000    77.8800
67882510.0000    77.8800
67977700.0000    77.8800
68072930.0000    77.9600
68168200.0000    77.9600
68263500.0000    78.1200
68358850.0000    78.1200
68454240.0000    78.1200
68549660.0000    78.1200
68645130.0000    78.1200
68740630.0000    78.2100
68836180.0000    78.2100
68931760.0000    78.2100
69027390.0000    78.2100
69123050.0000    78.2100
69218750.0000    78.2100
69314500.0000    78.2100
69410280.0000    78.2100
69506100.0000    78.2100
69601960.0000    78.2100
69697860.0000    78.2100
69793800.0000    78.2100
69889780.0000    78.2100
69985790.0000    78.2100
70081850.0000    78.2100
70177950.0000    78.2100
70274080.0000    78.2900
70370260.0000    78.2900
70466470.0000    78.2900
70562730.0000    78.2900
70659020.0000    78.2900
70755350.0000    78.2900
70851730.0000    78.2900
70948140.0000    78.2900
71044590.0000    78.2900
71141080.0000    78.2900
71237610.0000    78.2900
71334180.0000    78.2900
71430790.0000    78.2900
71527440.0000    78.2900
71624130.0000    78.2900
71720850.0000    78.2900
71817620.0000    78.2900
71914430.0000    78.2900
72011270.0000    78.2900
72108160.0000    78.2900
72205080.0000    78.2900
72302040.0000    78.2900
72399050.0000    78.2900
72496090.0000    78.2900
72593170.0000    78.2900
72690290.0000    78.2900
72787450.0000    78.2900
72884650.0000    78.2900
72981890.0000    78.2900
73079160.0000    78.2900
73176480.0000    78.2900
73273840.0000    78.2900
73371230.0000    78.2900
73468670.0000    78.2900
73566140.0000    78.2900
73663650.0000    78.2900
73761210.0000    78.2900
73858800.0000    78.2900
73956430.0000    78.2900
74054100.0000    78.2900
74151810.0000    78.4500
74249560.0000    78.2900
74347350.0000    78.3700
74445180.0000    78.3700
74543060.0000    78.3700
74640980.0000    78.3700
74738940.0000    78.3700
74836940.0000    78.3700
74934980.0000    78.3700
75033070.0000    78.3700
75131200.0000    78.3700
75229370.0000    78.3700
75327580.0000    78.3700
75425830.0000    78.3700
75524120.0000    78.3700
75622460.0000    78.3700
75720840.0000    78.3700
75819250.0000    78.3700
75917710.0000    78.3700
76016210.0000    78.3700
76114740.0000    78.5300
76213320.0000    78.5300
76311940.0000    78.5300
76410600.0000    78.5300
76509290.0000    78.7000
76608030.0000    78.7000
76706810.0000    78.7000
76805620.0000    78.8600
76904470.0000    78.8600
77003370.0000    78.9400
77102290.0000    79.0200
77201260.0000    79.0200
77300260.0000    79.1900
77399290.0000    79.1900
77498360.0000    79.1900
77597460.0000    79.1900
77696590.0000    79.1900
77795740.0000    79.1900
77894930.0000    79.4300
77994150.0000    79.5100
78093390.0000    79.5100
78192660.0000    79.5100
78291960.0000    79.5100
78391290.0000    79.5100
78490640.0000    79.5100
78590030.0000    79.5100
78689440.0000    79.5900
78788880.0000    79.5900
78888350.0000    79.5900
78987850.0000    79.5900
79087390.0000    79.5900
79186950.0000    79.5900
79286550.0000    79.5900
79386190.0000    79.5900
79485850.0000    79.5900
79585560.0000    79.5900
79685290.0000    79.5900
79785070.0000    79.5900
79834970.0000    79.5900
79884870.0000    79.5900
79934780.0000    79.5900
79984710.0000    79.5900
80034640.0000    79.5900
80084580.0000    79.5900
80134540.0000    79.5900
80184500.0000    79.5900
80234470.0000    79.5900
80284450.0000    79.5900
80334440.0000    79.5900
80384440.0000    79.5900
80434440.0000    79.5900
80484460.0000    79.5900
80534490.0000    79.5900
80584530.0000    79.5900
80634580.0000    79.5900
80684630.0000    79.5900
80734700.0000    79.5900
80784780.0000    79.5900
80834860.0000    79.5900
80884960.0000    79.5900
80935070.0000    79.5900
80985180.0000    79.5900
81035310.0000    79.6800
81085450.0000    79.6800
81135590.0000    79.6800
81185750.0000    79.5900
81235920.0000    79.5900
81286090.0000    79.5900
81336280.0000    79.5900
81386480.0000    79.5900
81436680.0000    79.5900
81486900.0000    79.5900
81537130.0000    79.5900
81587360.0000    79.5900
81637610.0000    79.5900
81687870.0000    79.5900
81738140.0000    79.5900
81788410.0000    79.5900
81838700.0000    79.5900
81889000.0000    79.5900
81939310.0000    79.5900
81989630.0000    79.5900
82039960.0000    79.5900
82090300.0000    79.5900
82140650.0000    79.5900
82191010.0000    79.5900
82241380.0000    79.5900
82291760.0000    79.5900
82342150.0000    79.5900
82392550.0000    79.5900
82442960.0000    79.5900
82493380.0000    79.5900
82543810.0000    79.5900
82594250.0000    79.5900
82644700.0000    79.5900
82695160.0000    79.5900
82745640.0000    79.5900
82796120.0000    79.5900
82846610.0000    79.5900
82897110.0000    79.5900
82947630.0000    79.5900
82998150.0000    79.5900
83048680.0000    79.5900
83099220.0000    79.5900
83149780.0000    79.5900
83200340.0000    79.5900
83250910.0000    79.5900
83301500.0000    79.5900
83352090.0000    79.5900
83402700.0000    79.5900
83453310.0000    79.5900
83503930.0000    79.5900
83554570.0000    79.5900
83605210.0000    79.5900
83655870.0000    79.5900
83706530.0000    79.5900
83757210.0000    79.5900
83807890.0000    79.5900
83858590.0000    79.5900
83909290.0000    79.5900
83960000.0000    79.5900
84010730.0000    79.5900
84061460.0000    79.5900
84112210.0000    79.5900
84162960.0000    79.5900
84213730.0000    79.5900
84264510.0000    79.5900
84315290.0000    79.5900
84366090.0000    79.5900
84416890.0000    79.5900
84467710.0000    79.5900
84518530.0000    79.5900
84569370.0000    79.5900
84620210.0000    79.5900
84671070.0000    79.5900
84721930.0000    79.5900
84772810.0000    79.5900
84823690.0000    79.5900
84874590.0000    79.5900
84925490.0000    79.6800
84976410.0000    79.6800
85027330.0000    79.6800
85078270.0000    79.6800
85129210.0000    79.6800
85180170.0000    79.6800
85231130.0000    79.6800
85282110.0000    79.6800
85333090.0000    79.6800
85384090.0000    79.6800
85435090.0000    79.6800
85486110.0000    79.6800
85537130.0000    79.6800
85588160.0000    79.7600
85639210.0000    80.0800
85690260.0000    80.0800
85741320.0000    80.0800
85843490.0000    80.0800
85945690.0000    80.1700
85996800.0000    80.2500
86047920.0000    80.2500
86099040.0000    80.3300
86150180.0000    80.3300
86201330.0000    80.3300
86252480.0000    80.3300
86303650.0000    80.3300
86354820.0000    80.3300
86457200.0000    80.3300
86559620.0000    80.3300
86610840.0000    80.3300
86662070.0000    80.3300
86713310.0000    80.3300
86764550.0000    80.3300
86815810.0000    80.3300
86867070.0000    80.3300
86918350.0000    80.3300
86969630.0000    80.3300
87020920.0000    80.3300
87072220.0000    80.3300
87123530.0000    80.3300
87174850.0000    80.3300
87226180.0000    80.4900
87277520.0000    80.4900
87328860.0000    80.4900
87380220.0000    80.4900
87482960.0000    80.4900
87585740.0000    80.4900
87688560.0000    80.4900
87791410.0000    80.6600
87842840.0000    80.6600
87894280.0000    80.6600
87945730.0000    80.6600
87997190.0000    80.6600
88048660.0000    80.6600
88100130.0000    80.6600
88151620.0000    80.6600
88203110.0000    80.6600
88254610.0000    80.6600
88306120.0000    80.6600
88357640.0000    80.6600
88409170.0000    80.6600
88460700.0000    80.6600
88512250.0000    80.6600
88563800.0000    80.6600
88615370.0000    80.6600
88666940.0000    80.6600
88718520.0000    80.6600
88770110.0000    80.6600
88821710.0000    80.6600
88873320.0000    80.6600
88924930.0000    80.6600
88976560.0000    80.8200
89028190.0000    80.8200
89079840.0000    80.8200
89131490.0000    80.8200
89183160.0000    80.8200
89234830.0000    80.8200
89286510.0000    80.8200
89338200.0000    80.8200
89389900.0000    80.8200
89441610.0000    80.8200
89493330.0000    80.8200
89545050.0000    80.8200
89596790.0000    80.8200
89648530.0000    80.8200
89700290.0000    80.8200
89752050.0000    80.9000
89803830.0000    81.0600
89855610.0000    81.0600
89907400.0000    81.0600
89959200.0000    81.0600
90011020.0000    81.0600
90062840.0000    81.0600
90114670.0000    81.0600
90166510.0000    81.0600
90218360.0000    81.0600
90270210.0000    81.0600
90322080.0000    81.0600
90373960.0000    81.0600
90425850.0000    81.3900
90477740.0000    81.3900
90529650.0000    81.3900
90581560.0000    81.3900
90633490.0000    81.3900
90685420.0000    81.3900
90737370.0000    81.3900
90789320.0000    81.4700
90841280.0000    81.4700
90893260.0000    81.4700
90945240.0000    81.4700
90997230.0000    81.5500
91049220.0000    81.5500
91101230.0000    81.5500
91153250.0000    81.5500
91205280.0000    81.5500
91257310.0000    81.5500
91309360.0000    81.5500
91361410.0000    81.8000
91413470.0000    81.9600
91465550.0000    82.0400
91517630.0000    82.0400
91569720.0000    82.0400
91621820.0000    82.0400
91673930.0000    82.0400
91726050.0000    82.1200
91778170.0000    82.1200
91830310.0000    82.2100
91882450.0000    82.2100
91934610.0000    82.2100
91986770.0000    82.4500
92038940.0000    82.6100
92091120.0000    82.6100
92143310.0000    82.6100
92247730.0000    82.6100
92299940.0000    82.6100
92326050.0000    82.7000
92378280.0000    82.7000
92430520.0000    82.7000
92482760.0000    82.7000
92535020.0000    82.7800
92587280.0000    82.7800
92639550.0000    82.7800
92691830.0000    82.7800
92744120.0000    82.7800
92796410.0000    83.0200
92848720.0000    83.0200
92901030.0000    83.0200
92953350.0000    83.0200
93005680.0000    83.0200
93058020.0000    83.1900
93110370.0000    83.1900
93162720.0000    83.1900
93215080.0000    83.1900
93267460.0000    83.1900
93319840.0000    83.1900
93372220.0000    83.2700
93424620.0000    83.2700
93477030.0000    83.2700
93529440.0000    83.2700
93581860.0000    83.2700
93634300.0000    83.2700
93686740.0000    83.2700
93739180.0000    83.2700
93791640.0000    83.2700
93844110.0000    83.2700
93896580.0000    83.2700
93949070.0000    83.2700
94001560.0000    83.2700
94054060.0000    83.2700
94106570.0000    83.2700
94159090.0000    83.2700
94211610.0000    83.2700
94264150.0000    83.2700
94290420.0000    83.3500
94303550.0000    83.3500
94329830.0000    83.3500
94382380.0000    83.3500
94434940.0000    83.3500
94487520.0000    83.4300
94540100.0000    83.4300
94592690.0000    83.4300
94645290.0000    83.4300
94697900.0000    83.4300
94750520.0000    83.4300
94803140.0000    83.4300
94855780.0000    83.4300
94908420.0000    83.4300
94961080.0000    83.4300
95013740.0000    83.4300
95066410.0000    83.4300
95119090.0000    83.4300
95171780.0000    83.4300
95224490.0000    83.4300
95277190.0000    83.4300
95329910.0000    83.4300
95382640.0000    83.4300
95435380.0000    83.4300
95488120.0000    83.4300
95540880.0000    83.4300
95593650.0000    83.4300
95646420.0000    83.4300
95699200.0000    83.4300
95752000.0000    83.4300
95804800.0000    83.4300
95857610.0000    83.4300
95910430.0000    83.4300
95963260.0000    83.4300
96016100.0000    83.4300
96068950.0000    83.4300
96121810.0000    83.4300
96174680.0000    83.4300
96227560.0000    83.4300
96280440.0000    83.4300
96333340.0000    83.4300
96386250.0000    83.4300
96452390.0000    83.4300
96518550.0000    83.4300
96584730.0000    83.4300
96650920.0000    83.4300
96717130.0000    83.4300
96783350.0000    83.4300
96849580.0000    83.4300
96915830.0000    83.4300
96982090.0000    83.4300
97048370.0000    83.4300
97114670.0000    83.4300
97180970.0000    83.4300
97247300.0000    83.4300
97313630.0000    83.4300
97379980.0000    83.4300
97446350.0000    83.4300
97512730.0000    83.5900
97579130.0000    83.5900
97645540.0000    83.5900
97711960.0000    83.5900
97778400.0000    83.5900
97844850.0000    83.5900
97911320.0000    83.5900
97977810.0000    83.5900
98044300.0000    83.5900
98110820.0000    83.5900
98177340.0000    83.5900
98243880.0000    83.5900
98310440.0000    83.7600
98377010.0000    83.8400
98443590.0000    83.8400
98510190.0000    83.8400
98576800.0000    83.8400
98643430.0000    83.8400
98710070.0000    83.8400
98776730.0000    83.9200
98843400.0000    83.8400
98910090.0000    83.8400
98976790.0000    83.8400
99043500.0000    83.8400
99110230.0000    83.8400
99176970.0000    83.8400
99243730.0000    83.8400
99310500.0000    83.8400
99377280.0000    83.8400
99444080.0000    83.8400
99510890.0000    83.8400
99577720.0000    83.8400
99644560.0000    83.8400
99711410.0000    83.8400
99778280.0000    83.8400
99845160.0000    83.8400
99912050.0000    83.8400
99978960.0000    83.8400
100045900.0000    83.8400
100112800.0000    83.8400
100179800.0000    83.8400
100246700.0000    83.8400
100313700.0000    83.8400
100380700.0000    83.8400
100447700.0000    83.8400
100514700.0000    83.8400
100581800.0000    83.8400
100648800.0000    83.8400
100715900.0000    83.8400
100783000.0000    83.8400
100850000.0000    83.9200
100917100.0000    83.9200
100984300.0000    83.9200
101051400.0000    83.9200
101118500.0000    83.9200
101185700.0000    83.9200
101252900.0000    83.9200
101320100.0000    84.0800
101387300.0000    84.0800
101454500.0000    84.0800
101521700.0000    84.0800
101588900.0000    84.0800
101656200.0000    84.0800
101723500.0000    84.0800
101790700.0000    84.0800
101858000.0000    84.0800
101925400.0000    84.2500
101992700.0000    84.2500
102060000.0000    84.2500
102127400.0000    84.2500
102194700.0000    84.2500
102262100.0000    84.2500
102329500.0000    84.2500
102396900.0000    84.3300
102464300.0000    84.3300
102531700.0000    84.4100
102599200.0000    84.4100
102666600.0000    84.4100
102734100.0000    84.4100
102801600.0000    84.4100
102869100.0000    84.4100
102936600.0000    84.4100
103004100.0000    84.4100
103071600.0000    84.4100
103139200.0000    84.4100
103206700.0000    84.6500
103274300.0000    84.6500
103301300.0000    84.6500
103355400.0000    84.6500
103409400.0000    84.7400
103463500.0000    84.7400
103517600.0000    84.7400
103571700.0000    84.7400
103625800.0000    84.9800
103679900.0000    84.9800
103734000.0000    84.9800
103788200.0000    84.9800
103842300.0000    84.9800
103896400.0000    84.9800
103950600.0000    84.9800
104004700.0000    84.9800
104058900.0000    84.9800
104113100.0000    84.9800
104167300.0000    84.9800
104221400.0000    84.9800
104275600.0000    84.9800
104329800.0000    84.9800
104384000.0000    84.9800
104438300.0000    84.9800
104492500.0000    84.9800
104546700.0000    84.9800
104655200.0000    84.9800
104763700.0000    84.9800
104872300.0000    84.9800
104980900.0000    84.9800
105089500.0000    84.9800
105198100.0000    84.9800
105306800.0000    85.0600
105415500.0000    85.0600
105524300.0000    85.0600
105633000.0000    85.0600
105741800.0000    85.0600
105850700.0000    84.9800
105959600.0000    84.9800
106068500.0000    84.9800
106177400.0000    85.0600
106286400.0000    85.0600
106395400.0000    85.0600
106504400.0000    85.0600
106613500.0000    85.0600
106722600.0000    85.0600
106831700.0000    85.0600
106940900.0000    85.0600
107050100.0000    85.0600
107159300.0000    85.0600
107268600.0000    85.0600
107377900.0000    85.0600
107487200.0000    85.0600
107596600.0000    85.0600
107706000.0000    85.0600
107815400.0000    85.0600
107924900.0000    85.0600
108034400.0000    85.0600
108143900.0000    85.0600
108253500.0000    85.0600
108363100.0000    85.0600
108472700.0000    85.0600
108582400.0000    85.0600
108692100.0000    85.0600
108801800.0000    85.0600
108911600.0000    85.0600
109021400.0000    85.0600
109131200.0000    85.0600
109241100.0000    85.0600
109351000.0000    85.2300
109460900.0000    85.3100
109570800.0000    85.3100
109680800.0000    85.8000
109790900.0000    85.8000
109900900.0000    85.8800
110011000.0000    85.8800
110121100.0000    85.8800
110203700.0000    85.8800
110286400.0000    85.8800
110369000.0000    86.0400
110451700.0000    86.0400
110534300.0000    86.0400
110617000.0000    86.0400
110699700.0000    86.0400
110782500.0000    86.1200
110865200.0000    86.1200
110948000.0000    86.1200
111030700.0000    86.1200
111113500.0000    86.1200
111196400.0000    86.1200
111279200.0000    86.2900
111362000.0000    86.3700
111444900.0000    86.3700
111527800.0000    86.3700
111610700.0000    86.3700
111693600.0000    86.3700
111776500.0000    86.3700
111859500.0000    86.3700
111942400.0000    86.3700
112025400.0000    86.3700
112108400.0000    86.3700
112191400.0000    86.4500
112274500.0000    86.4500
112357500.0000    86.4500
112440600.0000    86.4500
112523700.0000    86.4500
112606800.0000    86.4500
112689900.0000    86.4500
112773000.0000    86.4500
112856200.0000    86.4500
112939300.0000    86.4500
113022500.0000    86.4500
113105700.0000    86.4500
113189000.0000    86.4500
113272200.0000    86.4500
113355500.0000    86.4500
113438700.0000    86.4500
113522000.0000    86.4500
113605300.0000    86.4500
113688700.0000    86.4500
113772000.0000    86.4500
113855400.0000    86.4500
113938700.0000    86.4500
114022100.0000    86.4500
114105600.0000    86.4500
114189000.0000    86.4500
114272400.0000    86.5300
114355900.0000    86.5300
114439400.0000    86.5300
114522900.0000    86.5300
114606400.0000    86.5300
114690000.0000    86.5300
114773500.0000    86.5300
114857100.0000    86.5300
114940700.0000    86.5300
115024300.0000    86.5300
115107900.0000    86.5300
115191600.0000    86.5300
115275200.0000    86.5300
115358900.0000    86.5300
115442600.0000    86.5300
115526300.0000    86.7000
115610100.0000    86.7000
115693800.0000    86.7000
115777600.0000    86.7000
115861400.0000    86.7000
115945200.0000    86.7000
116029000.0000    86.7000
116112900.0000    86.7000
116196700.0000    86.7000
116280600.0000    86.7000
116364500.0000    86.7000
116448400.0000    86.7000
116532300.0000    86.7000
116616300.0000    86.7800
116700300.0000    86.7800
116784200.0000    86.7800
116868300.0000    86.7800
116952300.0000    86.7800
117036300.0000    86.7800
117120400.0000    86.7800
117204400.0000    86.7800
117288500.0000    86.7800
117400700.0000    86.7800
117512900.0000    86.7800
117625100.0000    86.7800
117737400.0000    86.9400
117849700.0000    86.9400
117962000.0000    86.9400
118074300.0000    86.9400
118186700.0000    86.9400
118299100.0000    86.9400
118411600.0000    86.9400
118524000.0000    86.9400
118636500.0000    86.9400
118749100.0000    86.9400
118861700.0000    86.9400
118974300.0000    86.9400
119086900.0000    86.9400
119199600.0000    86.9400
119312300.0000    86.9400
119425000.0000    86.9400
119537700.0000    86.9400
119650500.0000    86.9400
119763400.0000    86.9400
119876200.0000    86.9400
119989100.0000    86.9400
120102000.0000    86.9400
120215000.0000    86.9400
120327900.0000    87.0200
120441000.0000    87.0200
120554000.0000    87.0200
120667100.0000    87.0200
120780200.0000    87.0200
120893300.0000    87.1800
121006500.0000    87.1800
121119700.0000    87.1800
121232900.0000    87.1800
121346200.0000    87.1800
121459500.0000    87.1800
121572800.0000    87.1800
121686100.0000    87.3500
121799500.0000    87.3500
121913000.0000    87.3500
122026400.0000    87.3500
122139900.0000    87.3500
122253400.0000    87.1800
122366900.0000    87.3500
122480500.0000    87.1800
122594100.0000    87.1800
122707800.0000    87.1800
122821400.0000    87.1800
122935200.0000    87.1800
123048900.0000    87.3500
123162700.0000    87.3500
123276400.0000    87.3500
123390300.0000    87.3500
123504100.0000    87.3500
123618000.0000    87.3500
123731900.0000    87.3500
123845900.0000    87.5100
123959900.0000    87.5100
124073900.0000    87.5100
124187900.0000    87.5100
124302000.0000    87.5100
124416100.0000    87.5100
124530200.0000    87.5100
124644400.0000    87.5100
124758600.0000    87.5100
124872800.0000    87.5100
124987100.0000    87.5100
125101400.0000    87.5100
125215700.0000    87.5100
125330100.0000    87.5100
125444400.0000    87.5100
125558900.0000    87.5100
125673300.0000    87.5100
125787800.0000    87.6700
125902300.0000    87.5100
126016800.0000    87.5100
126131400.0000    87.5100
126246000.0000    87.5100
126360700.0000    87.5100
126475300.0000    87.5100
126590000.0000    87.5100
126704800.0000    87.7600
126819500.0000    87.7600
126934300.0000    87.9200
127049100.0000    87.9200
127164000.0000    87.9200
127278900.0000    87.9200
127393800.0000    87.9200
127508800.0000    87.9200
127623800.0000    88.0000
127738800.0000    88.0000
127853800.0000    88.0800
127968900.0000    88.0800
128084000.0000    88.0800
128199200.0000    88.0800
128314300.0000    88.0800
128429500.0000    88.0800
128544800.0000    88.0800
128660100.0000    88.0800
128775400.0000    88.0800
128890700.0000    88.0800
129006100.0000    88.0800
129121500.0000    88.0800
129236900.0000    88.0800
129352400.0000    88.0800
129467900.0000    88.0800
129583400.0000    88.0800
129699000.0000    88.0800
129814600.0000    88.0800
129930200.0000    88.0800
130045800.0000    88.0800
130161500.0000    88.0800
130277300.0000    88.0800
130393000.0000    88.0800
130508800.0000    88.0800
130624600.0000    88.0800
130740500.0000    88.0800
130856400.0000    88.0800
130972300.0000    88.2500
131088200.0000    88.2500
131204200.0000    88.2500
131320200.0000    88.2500
131436300.0000    88.2500
131552400.0000    88.2500
131668500.0000    88.2500
131784600.0000    88.2500
131900800.0000    88.2500
132017000.0000    88.2500
132133200.0000    88.2500
132249500.0000    88.2500
132365800.0000    88.2500
132482200.0000    88.2500
132598500.0000    88.2500
132714900.0000    88.2500
132831400.0000    88.2500
132947800.0000    88.2500
133064300.0000    88.2500
133180800.0000    88.3300
133297400.0000    88.3300
133414000.0000    88.3300
133530600.0000    88.3300
133647300.0000    88.3300
133764000.0000    88.3300
133880700.0000    88.3300
133997500.0000    88.3300
134114200.0000    88.3300
134231100.0000    88.3300
134347900.0000    88.3300
134464800.0000    88.3300
134581700.0000    88.3300
134698700.0000    88.3300
134815700.0000    88.3300
134932700.0000    88.3300
135049700.0000    88.3300
135166800.0000    88.3300
135283900.0000    88.3300
135401100.0000    88.3300
135518200.0000    88.3300
135635500.0000    88.3300
135752700.0000    88.3300
135870000.0000    88.3300
135987300.0000    88.3300
136104600.0000    88.3300
136222000.0000    88.3300
136339400.0000    88.3300
136456800.0000    88.3300
136574300.0000    88.3300
136691800.0000    88.3300
136809300.0000    88.4100
136926900.0000    88.4100
137044500.0000    88.4100
137162100.0000    88.4100
137279800.0000    88.4100
137397500.0000    88.4100
137515200.0000    88.4100
137633000.0000    88.4100
137750800.0000    88.4100
137868600.0000    88.4100
137986400.0000    88.4100
138104300.0000    88.4100
138222300.0000    88.4100
138340200.0000    88.4100
138458200.0000    88.4100
138576200.0000    88.4100
138694200.0000    88.4100
138812300.0000    88.4100
138930400.0000    88.4100
139048600.0000    88.4100
139166800.0000    88.4100
139285000.0000    88.4100
139403200.0000    88.4100
139521500.0000    88.4100
139639800.0000    88.4100
139758100.0000    88.4100
139876500.0000    88.4100
139994900.0000    88.4100
140113300.0000    88.4100
140231800.0000    88.4100
140350300.0000    88.4100
140468800.0000    88.4100
140587300.0000    88.4100
140705900.0000    88.4100
140824600.0000    88.4100
140943200.0000    88.5700
141061900.0000    88.4100
141180600.0000    88.4100
141299400.0000    88.4100
141418100.0000    88.4100
141537000.0000    88.4100
141655800.0000    88.4100
141774700.0000    88.4100
141893600.0000    88.4100
142012500.0000    88.4100
142131500.0000    88.4100
142250500.0000    88.4100
142369500.0000    88.4100
142488600.0000    88.4100
142607700.0000    88.4100
142726800.0000    88.4100
142845900.0000    88.4100
142965100.0000    88.4100
143084300.0000    88.4100
143203600.0000    88.4100
143322900.0000    88.4100
143442200.0000    88.4100
143561500.0000    88.4100
143680900.0000    88.4100
143800300.0000    88.4100
143919700.0000    88.4100
144039200.0000    88.4100
144158700.0000    88.4100
144278200.0000    88.4100
144397800.0000    88.4100
144517400.0000    88.4900
144637000.0000    88.4900
144756700.0000    88.4900
144876300.0000    88.4900
144996100.0000    88.4900
145115800.0000    88.4900
145235600.0000    88.4900
145355400.0000    88.4900
145475300.0000    88.4900
145595100.0000    88.5700
145715000.0000    88.4900
145835000.0000    88.4900
145955000.0000    88.4900
146075000.0000    88.4900
146195000.0000    88.4900
146315100.0000    88.4900
146435200.0000    88.4900
146555300.0000    88.4900
146675400.0000    88.4900
146795600.0000    88.4900
146915900.0000    88.4900
147036100.0000    88.4900
147156400.0000    88.4900
147276700.0000    88.4900
147397100.0000    88.4900
147517400.0000    88.4900
147637900.0000    88.4900
147758300.0000    88.4900
147878800.0000    88.4900
147999300.0000    88.4900
148119800.0000    88.5700
148240400.0000    88.5700
148361000.0000    88.5700
148481600.0000    88.5700
148602300.0000    88.5700
148723000.0000    88.5700
148843700.0000    88.5700
148964500.0000    88.5700
149085300.0000    88.5700
149206100.0000    88.5700
149326900.0000    88.5700
149447800.0000    88.5700
149568700.0000    88.5700
149689700.0000    88.5700
149810700.0000    88.5700
149931700.0000    88.5700
150052800.0000    88.5700
150173800.0000    88.5700
150294900.0000    88.5700
150416100.0000    88.5700
150537300.0000    88.5700
150658500.0000    88.5700
150779700.0000    88.5700
150901000.0000    88.5700
151022300.0000    88.5700
151143600.0000    88.5700
151265000.0000    88.5700
151386400.0000    88.5700
151507800.0000    88.5700
151629300.0000    88.5700
151750800.0000    88.5700
151872300.0000    88.6500
151993800.0000    88.5700
152115400.0000    88.5700
152237000.0000    88.5700
152358700.0000    88.5700
152480400.0000    88.5700
152602100.0000    88.5700
152723800.0000    88.5700
152845600.0000    88.5700
152967400.0000    88.6500
153089300.0000    88.5700
153211100.0000    88.5700
153333000.0000    88.5700
153455000.0000    88.5700
153576900.0000    88.5700
153698900.0000    88.6500
153821000.0000    88.5700
153943000.0000    88.5700
154065100.0000    88.5700
154187200.0000    88.5700
154309400.0000    88.5700
154431600.0000    88.6500
154553800.0000    88.5700
154676000.0000    88.5700
154798300.0000    88.5700
154920600.0000    88.6500
155043000.0000    88.6500
155165300.0000    88.7400
155287800.0000    88.6500
155410200.0000    88.6500
155532700.0000    88.6500
155655200.0000    88.6500
155777700.0000    88.7400
155900300.0000    88.6500
156022900.0000    88.6500
156145500.0000    88.6500
156268100.0000    88.7400
156390800.0000    88.6500
156513500.0000    88.6500
156636300.0000    88.6500
156759100.0000    88.7400
156881900.0000    88.6500
157004700.0000    88.6500
157127600.0000    88.7400
157250500.0000    88.6500
157373500.0000    88.7400
157496400.0000    88.6500
157619400.0000    88.7400
157742500.0000    88.7400
157865500.0000    88.7400
157988600.0000    88.7400
158111800.0000    88.7400
158234900.0000    88.7400
158358100.0000    88.7400
158481300.0000    88.7400
158604600.0000    88.7400
158727900.0000    88.7400
158851200.0000    88.7400
158974500.0000    88.7400
159097900.0000    88.7400
159221300.0000    88.7400
159344800.0000    88.7400
159468200.0000    88.7400
159591800.0000    88.7400
159715300.0000    88.7400
159838900.0000    88.8200
159962500.0000    88.8200
160086100.0000    88.8200
160209700.0000    88.8200
160333400.0000    88.9000
160457100.0000    88.9000
160580900.0000    88.9000
160704600.0000    88.9000
160828400.0000    88.9000
160952200.0000    88.9000
161076100.0000    88.9000
161199900.0000    88.9000
161323800.0000    88.9000
161447800.0000    88.9000
161571700.0000    88.9000
161695700.0000    88.9000
161819700.0000    88.8200
161943700.0000    88.8200
162067700.0000    88.8200
162191800.0000    88.8200
162315900.0000    88.8200
162440100.0000    88.8200
162564300.0000    88.8200
162688500.0000    88.8200
162812700.0000    88.8200
